171Os  171   76    4    5    3    0    8.442864    2.682213
  1   0.000000   2.5 -1  -1.00E+00  0 0                  (5/2-)  0                      
  2   0.076800   3.5 -1   0.00E+00  1 0                  (7/2-)  0                      
                                          1      0.077  0.000E+00  0.000E+00  1.197E+01
  3   0.207700   4.5 -1   0.00E+00  2 0                  (9/2-)  0                      
                                          2      0.131  0.000E+00  0.000E+00  2.610E+00
                                          1      0.208  0.000E+00  0.000E+00  0.000E+00
  4   0.211200   3.5 -1   0.00E+00  2 1             (7/2-,9/2-)  0                      
                                          2      0.134  0.000E+00  0.000E+00  2.420E+00
                                          1      0.211  0.000E+00  0.000E+00  2.740E-01
