172Ir  172   77    5    4    4    0    9.038661    0.371107
  1   0.000000   3.0 -1  -1.00E+00  0 1                 (3-,4-)  0                      
  2   0.126300  -1.0  0   0.00E+00  1 0                          0                      
                                          1      0.126  0.000E+00  0.000E+00  1.700E+00
  3   0.151500  -1.0  0   0.00E+00  1 0                          0                      
                                          1      0.151  0.000E+00  0.000E+00  1.000E+00
  4   0.236600  -1.0  0   0.00E+00  1 0                          0                      
                                          1      0.237  0.000E+00  0.000E+00  0.000E+00
  5   0.500000  -1.0  0   0.00E+00  1 0                          0                      
                                          1      0.500  0.000E+00  0.000E+00  0.000E+00
