181Pt  181   78    7    4    3    1    8.022940    3.692939
  1   0.000000   0.5 -1   5.20E+01  0 0                    1/2-  0                      
  2   0.119000   3.5 -1   0.00E+00  0 0                  (7/2)-  0                      
  3   0.237000   4.5 -1   0.00E+00  1 0                  (9/2)-  0                      
                                          2      0.118  0.000E+00  0.000E+00  0.000E+00
  4   0.280000   4.5  1   0.00E+00  1 0                  (9/2)+  0                      
                                          2      0.161  0.000E+00  0.000E+00  0.000E+00
  5   0.323000   5.5  1   0.00E+00  0 0                 (11/2+)  0                      
  6   0.346000  -1.0  0   0.00E+00  0 0                          0                      
  7   0.382000   6.5  1   0.00E+00  2 0                 (13/2+)  0                      
                                          5      0.061  0.000E+00  0.000E+00  0.000E+00
                                          4      0.106  0.000E+00  0.000E+00  0.000E+00
