187Pb  187   82    5    4    4    0    8.377376    2.392986
  1   0.000000   6.5  1  -1.00E+00  0 0                 (13/2+)  0                      
  2   0.472000   4.5  1   0.00E+00  1 0                  (9/2+)  0                      
                                          1      0.472  0.000E+00  0.000E+00  0.000E+00
  3   0.494000   6.5  1   1.00E-08  1 0                 (13/2+)  0                      
                                          1      0.494  0.000E+00  0.000E+00  0.000E+00
  4   0.573000   4.5  1   0.00E+00  1 0                  (9/2+)  0                      
                                          3      0.080  0.000E+00  0.000E+00  1.000E+01
  5   0.594000  -1.0  0   0.00E+00  1 0                          0                      
                                          1      0.594  0.000E+00  0.000E+00  0.000E+00
