207Bi  207   83    5    5    3    4    8.097672    3.558019
  1   0.000000   4.5 -1   9.95E+08  0 0                    9/2-  0                      
  2   0.669760   5.5 -1   0.00E+00  1 0                   11/2-  0                      
                                          1      0.670  9.504E-01  1.000E+00  5.220E-02
  3   0.742750   3.5 -1   0.00E+00  1 0                    7/2-  0                      
                                          1      0.743  9.628E-01  1.000E+00  3.860E-02
  4   0.892450   4.5 -1   0.00E+00  3 0                    9/2-  0                      
                                          3      0.150  1.208E-01  4.833E-01  3.000E+00
                                          2      0.223  8.558E-02  1.694E-01  9.800E-01
                                          1      0.892  3.423E-01  3.473E-01  1.450E-02
  5   0.992430   3.5 -1   0.00E+00  0 0                    7/2-  0                      
