214At  214   85    7    7    5    1    4.870948    4.014604
  1   0.000000   1.0 -1   5.58E-07  0 0                      1-  0                      
  2   0.078000   0.0 -1   0.00E+00  1 0                    (0-)  0                      
                                          1      0.078  0.000E+00  0.000E+00  0.000E+00
  3   0.145100   2.0 -1   0.00E+00  1 0                    (2)-  0                      
                                          1      0.145  1.927E-01  1.000E+00  4.190E+00
  4   0.187000   3.0 -1   0.00E+00  1 0                    (3-)  0                      
                                          1      0.187  1.000E+00  1.000E+00  0.000E+00
  5   0.304000   1.0 -1   0.00E+00  3 1                 (1-,2-)  0                      
                                          4      0.117  3.636E-01  3.636E-01  0.000E+00
                                          2      0.226  2.727E-01  2.727E-01  0.000E+00
                                          1      0.304  3.636E-01  3.636E-01  0.000E+00
  6   0.334000  -1.0  0   0.00E+00  1 0                          0                      
                                          4      0.147  1.000E+00  1.000E+00  0.000E+00
  7   0.495000  -1.0  0   0.00E+00  0 0                          0                      
