215At  215   85    7    6    4    1    5.948750    4.075582
  1   0.000000   4.5 -1   1.00E-04  0 0                    9/2-  0                      
  2   0.169880   3.5 -1   0.00E+00  1 0                  (7/2)-  0                      
                                          1      0.170  3.268E-01  1.000E+00  2.060E+00
  3   0.352000   2.5 -1   0.00E+00  1 0                  (5/2)-  0                      
                                          1      0.352  9.234E-01  1.000E+00  8.300E-02
  4   0.364000   6.5  1   0.00E+00  0 0                 (13/2+)  0                      
  5   0.472290   3.5 -1   0.00E+00  2 0                  (7/2-)  0                      
                                          2      0.303  9.365E-02  9.365E-02  0.000E+00
                                          1      0.472  7.805E-01  9.063E-01  1.613E-01
  6   0.517000   6.5 -1   0.00E+00  2 0                 (13/2)-  0                      
                                          4      0.153  2.958E-02  3.436E-02  1.617E-01
                                          1      0.517  9.366E-01  9.656E-01  3.100E-02
  7   0.580000   1.5 -1   0.00E+00  0 0                  (3/2-)  0                      
