207Rn  207   86    7    6    5    2    7.573142    3.484325
  1   0.000000   2.5 -1   5.55E+02  0 0                    5/2-  0                      
  2   0.120030   1.5 -1   0.00E+00  1 0                    3/2-  0                      
                                          1      0.120  1.316E-01  1.000E+00  6.600E+00
  3   0.267000  -1.0  0   0.00E+00  0 0                          0                      
  4   0.282970   0.5 -1   0.00E+00  2 1             (1/2-,3/2-)  0                      
                                          2      0.163  0.000E+00  0.000E+00  0.000E+00
                                          1      0.283  0.000E+00  0.000E+00  0.000E+00
  5   0.596100  -1.0  0   0.00E+00  1 0                          0                      
                                          1      0.596  0.000E+00  0.000E+00  0.000E+00
  6   0.601600  -1.0  0   0.00E+00  1 0                          0                      
                                          1      0.602  0.000E+00  0.000E+00  0.000E+00
  7   0.665000   4.5 -1   0.00E+00  1 0                    9/2-  0                      
                                          1      0.665  9.818E-01  1.000E+00  1.850E-02
