215Rn  215   86    5    6    4    1    4.920644    5.078810
  1   0.000000   4.5  1   2.30E-06  0 0                    9/2+  0                      
  2   0.213960   3.5  1   0.00E+00  1 1              (7/2,9/2)+  0                      
                                          1      0.214  0.000E+00  0.000E+00  1.000E+00
  3   0.290800   3.5 -1   0.00E+00  1 1         (7/2,9/2,11/2)-  0                      
                                          1      0.291  0.000E+00  0.000E+00  3.570E-02
  4   0.315820   5.5  1   0.00E+00  1 0                 (11/2)+  0                      
                                          1      0.316  0.000E+00  0.000E+00  5.030E-01
  5   0.805700   3.5  1   0.00E+00  3 0                  (7/2)+  0                      
                                          4      0.489  0.000E+00  0.000E+00  0.000E+00
                                          2      0.592  0.000E+00  0.000E+00  7.210E-02
                                          1      0.805  0.000E+00  0.000E+00  2.800E-02
