223Th  223   90    5    6    4    0    5.888955    4.525367
  1   0.000000   2.5  1   6.00E-01  0 0                  (5/2)+  0                      
  2   0.051300   3.5  1   0.00E+00  1 0                  (7/2)+  0                      
                                          1      0.051  0.000E+00  0.000E+00  3.920E+01
  3   0.209000   3.5  1   0.00E+00  2 0                  (7/2)+  0                      
                                          2      0.158  1.595E-01  6.380E-01  3.000E+00
                                          1      0.209  1.595E-01  3.620E-01  1.270E+00
  4   0.247000   1.5  1   0.00E+00  1 0                  (3/2)+  0                      
                                          1      0.247  3.953E-01  1.000E+00  1.530E+00
  5   0.310000   2.5  1   0.00E+00  2 0                  (5/2)+  0                      
                                          2      0.259  2.213E-01  5.179E-01  1.340E+00
                                          1      0.310  2.656E-01  4.821E-01  8.150E-01
