226Th  226   90   11   11    8    5    7.183862    5.728627
  1   0.000000   0.0  1   1.83E+03  0 0                      0+  0                      
  2   0.072200   2.0  1   3.95E-10  1 0                      2+  0                      
                                          1      0.072  1.835E-02  1.000E+00  5.350E+01
  3   0.226430   4.0  1   0.00E+00  1 0                      4+  0                      
                                          2      0.154  3.534E-01  1.000E+00  1.830E+00
  4   0.230370   1.0 -1   0.00E+00  2 0                      1-  0                      
                                          2      0.158  3.302E-01  3.853E-01  1.670E-01
                                          1      0.230  5.754E-01  6.147E-01  6.830E-02
  5   0.307500   3.0 -1   0.00E+00  2 0                      3-  0                      
                                          3      0.081  3.681E-02  4.446E-02  2.080E-01
                                          2      0.235  8.971E-01  9.555E-01  6.510E-02
  6   0.351000  -1.0  0   0.00E+00  0 0                          0                      
  7   0.362000  -1.0  0   0.00E+00  0 0                          0                      
  8   0.447300   6.0  1   0.00E+00  1 0                      6+  0                      
                                          3      0.221  6.803E-01  1.000E+00  4.700E-01
  9   0.450500   5.0 -1   0.00E+00  1 0                      5-  0                      
                                          3      0.224  9.321E-01  1.000E+00  7.290E-02
 10   0.805200   0.0  1   0.00E+00  1 0                    (0+)  0                      
                                          4      0.575  9.905E-01  1.000E+00  9.640E-03
 11   0.847800   2.0  1   0.00E+00  2 0                    (2+)  0                      
                                          5      0.539  4.622E-01  4.673E-01  1.090E-02
                                          4      0.617  5.283E-01  5.327E-01  8.400E-03
