241Am  241   95   17    7    4    2    6.647092    4.479955
  1   0.000000   2.5 -1  -1.00E+00  0 0                    5/2-  0                      
  2   0.041176   3.5 -1   0.00E+00  1 0                    7/2-  0                      
                                          1      0.041  0.000E+00  0.000E+00  2.950E+02
  3   0.093700   4.5 -1   0.00E+00  0 0                    9/2-  0                      
  4   0.157500   5.5 -1   0.00E+00  0 0                   11/2-  0                      
  5   0.205883   2.5  1   0.00E+00  2 0                    5/2+  0                      
                                          2      0.166  1.580E-01  1.835E-01  1.620E-01
                                          1      0.207  7.447E-01  8.165E-01  9.640E-02
  6   0.235200   3.5  1   0.00E+00  1 0                    7/2+  0                      
                                          2      0.195  9.001E-01  1.000E+00  1.110E-01
  7   0.239000  -1.0  0   0.00E+00  0 0                          0                      
  8   0.270000  -1.0  0   0.00E+00  0 0                          0                      
  9   0.273200   4.5  1   0.00E+00  0 0                    9/2+  0                      
 10   0.319800   5.5  1   0.00E+00  0 0                   11/2+  0                      
 11   0.381100   6.5  1   0.00E+00  0 0                   13/2+  0                      
 12   0.459000  -1.0  0   0.00E+00  0 0                          0                      
 13   0.471810   1.5 -1   0.00E+00  3 0                    3/2-  0                      
                                          5      0.266  4.238E-03  4.472E-03  5.520E-02
                                          2      0.431  4.414E-02  4.770E-02  8.050E-02
                                          1      0.472  7.769E-01  9.478E-01  2.200E-01
 14   0.495000  -1.0  0   0.00E+00  0 0                          0                      
 15   0.504449   2.5 -1   0.00E+00  0 0                    5/2-  0                      
 16   0.543000  -1.0  0   0.00E+00  0 0                          0                      
 17   0.550400   3.5 -1   0.00E+00  0 0                    7/2-  0                      
