248Bk  248   97   20   11    7    0    5.429787    4.691024
  1   0.000000   6.0  1  -1.00E+00  0 0                    (6+)  0                      
  2   0.070650   7.0  1   0.00E+00  1 0                    (7+)  0                      
                                          1      0.071  9.479E-03  1.000E+00  1.045E+02
  3   0.136000   8.0 -1   0.00E+00  1 0                    (8-)  0                      
                                          2      0.064  6.897E-01  1.000E+00  4.500E-01
  4   0.145000  -1.0  0   0.00E+00  0 0                          0                      
  5   0.151300   8.0  1   0.00E+00  2 0                    (8+)  0                      
                                          2      0.081  1.896E-02  8.154E-01  4.200E+01
                                          1      0.151  4.334E-02  1.846E-01  3.260E+00
  6   0.171500   4.0 -1   0.00E+00  0 1              (4-,5-,6-)  0                      
  7   0.179000  -1.0  0   0.00E+00  0 0                          0                      
  8   0.212600   4.0 -1   0.00E+00  0 1              (4-,5-,6-)  0                      
  9   0.262000  -1.0  0   0.00E+00  0 0                          0                      
 10   0.339000  -1.0  0   0.00E+00  0 0                          0                      
 11   0.373000  -1.0  0   0.00E+00  2 0                          0                      
                                          7      0.194  1.158E-01  7.328E-01  5.330E+00
                                          4      0.228  6.129E-02  2.672E-01  3.360E+00
 12   0.399700   5.0  1   0.00E+00  1 0                    (5+)  0                      
                                          1      0.400  5.851E-01  1.000E+00  7.090E-01
 13   0.424000  -1.0  0   0.00E+00  0 0                          0                      
 14   0.458000  -1.0  0   0.00E+00  0 0                          0                      
 15   0.483000  -1.0  0   0.00E+00  0 0                          0                      
 16   0.529100  -1.0  0   0.00E+00  1 0                          0                      
                                          1      0.529  1.000E+00  1.000E+00  0.000E+00
 17   0.590000   5.0 -1   0.00E+00  3 0                    (5-)  0                      
                                          8      0.377  1.828E-01  3.345E-01  8.300E-01
                                          6      0.418  3.313E-01  5.384E-01  6.250E-01
                                          1      0.590  1.257E-01  1.271E-01  1.161E-02
 18   0.624000   7.0  1   0.00E+00  0 0                    (7+)  0                      
 19   0.657000   6.0 -1   0.00E+00  0 0                    (6-)  0                      
 20   0.700000   8.0  1   0.00E+00  0 0                    (8+)  0                      
