251Fm  251  100   12    9    6    0    6.184703    4.555000
  1   0.000000   4.5 -1  -1.00E+00  0 0                  (9/2-)  0                      
  2   0.063900   5.5 -1   0.00E+00  1 0                 (11/2-)  0                      
                                          1      0.064  2.519E-02  1.000E+00  3.870E+01
  3   0.200070   2.5  1   2.29E-05  1 0                  (5/2+)  0                      
                                          1      0.200  4.566E-02  1.000E+00  2.090E+01
  4   0.243000   3.5  1   0.00E+00  0 0                  (7/2+)  0                      
  5   0.301000   4.5  1   0.00E+00  0 0                  (9/2+)  0                      
  6   0.353800   3.5  1   0.00E+00  1 0                  (7/2+)  0                      
                                          1      0.354  9.669E-01  1.000E+00  3.420E-02
  7   0.391970   0.5  1   2.20E-08  1 0                  (1/2+)  0                      
                                          3      0.192  3.896E-01  1.000E+00  1.567E+00
  8   0.395270   1.5  1   1.60E-08  2 0                  (3/2+)  0                      
                                          7      0.003  0.000E+00  0.000E+00  1.599E+04
                                          3      0.195  1.277E-01  1.000E+00  6.830E+00
  9   0.461000   2.5  1   0.00E+00  0 0                  (5/2+)  0                      
 10   0.558570   0.5  1   8.00E-09  3 0                  (1/2+)  0                      
                                          8      0.163  4.742E-02  5.833E-01  1.130E+01
                                          7      0.167  2.202E-02  2.567E-01  1.066E+01
                                          3      0.358  1.355E-01  1.600E-01  1.810E-01
 11   0.579000   1.5  1   0.00E+00  0 0                  (3/2+)  0                      
 12   0.604000   2.5  1   0.00E+00  0 0                  (5/2+)  0                      
