257Db  257  105    5    5    3    0    8.215000    1.356678
  1   0.000000   4.5  1   2.30E+00  0 0                  (9/2+)  0                      
  2   0.250000   3.5 -1   0.00E+00  1 0                  (7/2-)  0                      
                                          1      0.250  0.000E+00  0.000E+00  0.000E+00
  3   0.370000   0.5 -1   6.70E-01  0 0                  (1/2-)  0                      
  4   0.470000   1.5 -1   0.00E+00  1 0                  (3/2-)  0                      
                                          3      0.100  0.000E+00  0.000E+00  0.000E+00
  5   0.600000   2.5 -1   0.00E+00  3 0                  (5/2-)  0                      
                                          4      0.160  0.000E+00  0.000E+00  0.000E+00
                                          3      0.230  0.000E+00  0.000E+00  0.000E+00
                                          2      0.350  0.000E+00  0.000E+00  0.000E+00
