276Mt  276  109    5    4    4    0    5.525000    2.469000
  1   0.000000  -1.0  0   6.90E-01  0 0                          0                      
  2   0.194000  -1.0  0   0.00E+00  1 0                          0                      
                                          1      0.194  0.000E+00  0.000E+00  1.391E-01
  3   0.237400  -1.0  0   0.00E+00  1 0                          0                      
                                          1      0.237  0.000E+00  0.000E+00  9.260E-02
  4   0.279600  -1.0  0   0.00E+00  1 0                          0                      
                                          1      0.280  0.000E+00  0.000E+00  6.700E-02
  5   0.731600  -1.0  0   0.00E+00  1 0                          0                      
                                          3      0.494  0.000E+00  0.000E+00  1.448E-01
