 22Na   22   11    4    5    3    4   11.067852    6.738586
  1   0.000000   3.0  1   8.21E+07  0 0                      3+  0                      
  2   0.583050   1.0  1   0.00E+00  1 0                      1+  0                      
                                          1      0.583  1.000E+00  1.000E+00  0.000E+00
  3   0.657000   0.0  1   0.00E+00  1 0                      0+  0                      
                                          2      0.074  9.964E-01  1.000E+00  3.580E-03
  4   1.936900   1.0  1   0.00E+00  3 0                      1+  0                      
                                          3      1.280  9.914E-01  9.914E-01  0.000E+00
                                          2      1.354  2.754E-03  2.754E-03  0.000E+00
                                          1      1.937  5.875E-03  5.875E-03  0.000E+00
