 34Cl   34   17    5    4    4    5   11.508064    5.143199
  1   0.000000   0.0  1   1.53E+00  0 0                      0+  1 =    100.0000 %EC+%B+
  2   0.460800   1.0  1   5.20E-12  1 0                      1+  0                      
                                          1      0.461  1.000E+00  1.000E+00  0.000E+00
  3   0.665800   1.0  1   9.20E-12  1 0                      1+  0                      
                                          1      0.666  1.000E+00  1.000E+00  0.000E+00
  4   2.579500   1.0  1   3.30E-14  1 0                      1+  0                      
                                          1      2.579  1.000E+00  1.000E+00  0.000E+00
  5   3.129200   1.0  1   1.90E-15  1 0                      1+  0                      
                                          1      3.129  1.000E+00  1.000E+00  0.000E+00
