  39K   39   19   12   11   11   11   13.077754    6.381340
  1   0.000000   1.5  1  -1.00E+00  0 0                    3/2+  0                      
  2   2.522340   0.5  1   0.00E+00  1 0                    1/2+  0                      
                                          1      2.522  1.000E+00  1.000E+00  0.000E+00
  3   2.814000   3.5 -1   0.00E+00  1 0                    7/2-  0                      
                                          1      2.814  0.000E+00  0.000E+00  0.000E+00
  4   3.019000   1.5 -1   0.00E+00  1 0                    3/2-  0                      
                                          1      3.019  0.000E+00  0.000E+00  0.000E+00
  5   3.597000   4.5 -1   0.00E+00  1 0                    9/2-  0                      
                                          1      3.597  0.000E+00  0.000E+00  0.000E+00
  6   3.883000   2.5 -1   0.00E+00  1 0                    5/2-  0                      
                                          1      3.883  0.000E+00  0.000E+00  0.000E+00
  7   3.939000   1.5  1   0.00E+00  1 0                    3/2+  0                      
                                          1      3.938  0.000E+00  0.000E+00  0.000E+00
  8   3.944000   5.5 -1   0.00E+00  1 0                   11/2-  0                      
                                          3      1.130  0.000E+00  0.000E+00  0.000E+00
  9   4.082000   1.5 -1   0.00E+00  1 0                    3/2-  0                      
                                          1      4.082  0.000E+00  0.000E+00  0.000E+00
 10   4.095000   0.5  1   0.00E+00  1 0                    1/2+  0                      
                                          2      1.573  0.000E+00  0.000E+00  0.000E+00
 11   4.126000   3.5 -1   0.00E+00  1 0                    7/2-  0                      
                                          3      1.312  0.000E+00  0.000E+00  0.000E+00
 12   4.474000   0.5 -1   0.00E+00  1 1               1/2-,3/2-  0                      
                                          2      1.952  0.000E+00  0.000E+00  0.000E+00
