 43Ca   43   20    4    6    3    4    7.932897   10.675813
  1   0.000000   3.5 -1  -1.00E+00  0 0                    7/2-  0                      
  2   0.372900   2.5 -1   0.00E+00  1 0                    5/2-  0                      
                                          1      0.373  1.000E+00  1.000E+00  0.000E+00
  3   0.593200   1.5 -1   0.00E+00  2 0                    3/2-  0                      
                                          2      0.220  2.963E-01  2.963E-01  0.000E+00
                                          1      0.593  7.037E-01  7.037E-01  0.000E+00
  4   1.931000   2.5 -1   0.00E+00  3 0                    5/2-  0                      
                                          3      1.338  7.098E-02  7.098E-02  0.000E+00
                                          2      1.558  3.327E-01  3.327E-01  0.000E+00
                                          1      1.931  5.963E-01  5.963E-01  0.000E+00
