 52Mn   52   25    5    6    4    3   10.539479    6.549643
  1   0.000000   6.0  1   4.83E+05  0 0                      6+  0                      
  2   0.869900   7.0  1   0.00E+00  1 0                      7+  0                      
                                          1      0.870  1.000E+00  1.000E+00  0.000E+00
  3   2.285980   8.0  1   0.00E+00  2 0                      8+  0                      
                                          2      1.416  9.057E-01  9.057E-01  0.000E+00
                                          1      2.286  9.434E-02  9.434E-02  0.000E+00
  4   2.907700   9.0  1   0.00E+00  2 0                    (9+)  0                      
                                          3      0.622  5.050E-01  5.050E-01  0.000E+00
                                          2      2.038  4.950E-01  4.950E-01  0.000E+00
  5   3.837200  11.0  1   0.00E+00  1 0                     11+  0                      
                                          4      0.929  1.000E+00  1.000E+00  0.000E+00
