 51Mn   51   25    7    6    6    5   13.687657    5.270832
  1   0.000000   2.5 -1   2.77E+03  0 0                    5/2-  0                      
  2   0.237000   3.5 -1   0.00E+00  1 0                    7/2-  0                      
                                          1      0.237  1.000E+00  1.000E+00  0.000E+00
  3   1.825000   1.5 -1   0.00E+00  1 0                    3/2-  0                      
                                          1      1.825  1.000E+00  1.000E+00  0.000E+00
  4   2.140000   1.5 -1   0.00E+00  1 0                    3/2-  0                      
                                          1      2.140  1.000E+00  1.000E+00  0.000E+00
  5   2.914000   1.5 -1   0.00E+00  1 0                    3/2-  0                      
                                          1      2.914  1.000E+00  1.000E+00  0.000E+00
  6   3.426000   0.5 -1   0.00E+00  1 0             (1/2-:7/2-)  0                      
                                          1      3.426  1.000E+00  1.000E+00  0.000E+00
  7   3.555000   1.5 -1   0.00E+00  1 0                    3/2-  0                      
                                          1      3.555  1.000E+00  1.000E+00  0.000E+00
