 56Co   56   27    5    6    4    5   10.081840    5.848067
  1   0.000000   4.0  1  -1.00E+00  0 0                      4+  0                      
  2   0.158380   3.0  1   1.00E-10  1 0                      3+  0                      
                                          1      0.158  1.000E+00  1.000E+00  0.000E+00
  3   0.970240   2.0  1   1.00E-10  1 0                      2+  0                      
                                          2      0.812  1.000E+00  1.000E+00  0.000E+00
  4   1.450690   0.0  1   1.58E-09  1 0                      0+  0                      
                                          3      0.480  1.000E+00  1.000E+00  0.000E+00
  5   1.720190   1.0  1   0.00E+00  3 0                      1+  0                      
                                          4      0.270  3.650E-01  3.650E-01  0.000E+00
                                          3      0.750  4.950E-01  4.950E-01  0.000E+00
                                          2      1.562  1.400E-01  1.400E-01  0.000E+00
