 54Co   54   27   10    9    9   10   13.422010    4.351555
  1   0.000000   0.0  1   1.93E-01  0 0                      0+  0                      
  2   0.936700   1.0  1   0.00E+00  1 0                      1+  0                      
                                          1      0.937  1.000E+00  1.000E+00  0.000E+00
  3   2.424600   1.0  1   0.00E+00  1 0                      1+  0                      
                                          1      2.425  1.000E+00  1.000E+00  0.000E+00
  4   3.376100   1.0  1   0.00E+00  1 0                      1+  0                      
                                          1      3.376  1.000E+00  1.000E+00  0.000E+00
  5   3.889600   1.0  1   0.00E+00  1 0                      1+  0                      
                                          1      3.890  1.000E+00  1.000E+00  0.000E+00
  6   4.293400   1.0  1   0.00E+00  1 0                      1+  0                      
                                          1      4.293  1.000E+00  1.000E+00  0.000E+00
  7   4.323000   1.0  1   0.00E+00  1 0                      1+  0                      
                                          1      4.323  1.000E+00  1.000E+00  0.000E+00
  8   4.543800   1.0  1   0.00E+00  1 0                      1+  0                      
                                          1      4.544  1.000E+00  1.000E+00  0.000E+00
  9   4.822800   1.0  1   0.00E+00  1 0                      1+  0                      
                                          1      4.823  1.000E+00  1.000E+00  0.000E+00
 10   5.202400   1.0  1   0.00E+00  1 0                      1+  0                      
                                          1      5.202  1.000E+00  1.000E+00  0.000E+00
