 70Se   70   34   14   15   12    6   13.566503    6.106689
  1   0.000000   0.0  1  -1.00E+00  0 0                      0+  0                      
  2   0.944600   2.0  1   0.00E+00  1 0                      2+  0                      
                                          1      0.945  1.000E+00  1.000E+00  0.000E+00
  3   1.600600   2.0  1   0.00E+00  1 0                      2+  0                      
                                          2      0.656  0.000E+00  0.000E+00  0.000E+00
  4   2.037900   4.0  1   0.00E+00  1 0                      4+  0                      
                                          2      1.093  1.000E+00  1.000E+00  0.000E+00
  5   2.382600   4.0  1   0.00E+00  1 0                      4+  0                      
                                          3      0.782  0.000E+00  0.000E+00  0.000E+00
  6   3.001600   6.0  1   0.00E+00  1 0                      6+  0                      
                                          4      0.964  1.000E+00  1.000E+00  0.000E+00
  7   3.647000   6.0  1   0.00E+00  0 0                    (6+)  0                      
  8   3.913900   7.0 -1   0.00E+00  1 0                      7-  0                      
                                          6      0.912  1.000E+00  1.000E+00  0.000E+00
  9   4.035500   8.0  1   0.00E+00  1 0                      8+  0                      
                                          6      1.034  1.000E+00  1.000E+00  0.000E+00
 10   4.604800   8.0  1   0.00E+00  4 0                      8+  0                      
                                          9      0.569  4.400E-01  4.400E-01  0.000E+00
                                          8      0.690  5.600E-01  5.600E-01  0.000E+00
                                          7      0.958  0.000E+00  0.000E+00  0.000E+00
                                          6      1.604  0.000E+00  0.000E+00  0.000E+00
 11   4.952800   9.0  0   0.00E+00  1 0                     (9)  0                      
                                         10      0.348  1.000E+00  1.000E+00  0.000E+00
 12   5.204300  10.0  1   0.00E+00  1 0                   (10+)  0                      
                                          9      1.169  1.000E+00  1.000E+00  0.000E+00
 13   5.691700  10.0  1   0.00E+00  1 0                   (10+)  0                      
                                          9      1.656  1.000E+00  1.000E+00  0.000E+00
 14   6.014800  -1.0  0   0.00E+00  1 0                          0                      
                                         11      1.062  1.000E+00  1.000E+00  0.000E+00
