 74Se   74   34   40  101   39    5   12.057132    8.549425
  1   0.000000   0.0  1  -1.00E+00  0 0                      0+  0                      
  2   0.634800   2.0  1   0.00E+00  1 0                      2+  0                      
                                          1      0.635  1.000E+00  1.000E+00  0.000E+00
  3   0.853840   0.0  1   0.00E+00  2 0                      0+  0                      
                                          2      0.219  9.551E-01  1.000E+00  4.700E-02
                                          1      0.854  0.000E+00  0.000E+00  0.000E+00
  4   1.269120   2.0  1   0.00E+00  2 0                      2+  0                      
                                          2      0.634  6.498E-01  6.498E-01  0.000E+00
                                          1      1.269  3.502E-01  3.502E-01  0.000E+00
  5   1.363250   4.0  1   0.00E+00  1 0                      4+  0                      
                                          2      0.728  9.991E-01  1.000E+00  9.400E-04
  6   1.838740   2.0  1   0.00E+00  2 0                    (2+)  0                      
                                          3      0.985  8.810E-01  8.810E-01  0.000E+00
                                          2      1.204  1.190E-01  1.190E-01  0.000E+00
  7   1.884390   3.0  1   0.00E+00  3 0                      3+  0                      
                                          5      0.521  4.575E-02  4.575E-02  0.000E+00
                                          4      0.615  4.771E-01  4.771E-01  0.000E+00
                                          2      1.250  4.771E-01  4.771E-01  0.000E+00
  8   2.107990   4.0  1   0.00E+00  3 0                      4+  0                      
                                          5      0.745  2.727E-01  2.727E-01  0.000E+00
                                          4      0.839  5.657E-01  5.657E-01  0.000E+00
                                          2      1.473  1.616E-01  1.616E-01  0.000E+00
  9   2.231360   6.0  1   0.00E+00  1 0                      6+  0                      
                                          5      0.868  1.000E+00  1.000E+00  0.000E+00
 10   2.314430   2.0  1   0.00E+00  3 0                    (2+)  0                      
                                          4      1.045  1.905E-01  1.905E-01  0.000E+00
                                          3      1.460  4.286E-01  4.286E-01  0.000E+00
                                          2      1.680  3.810E-01  3.810E-01  0.000E+00
 11   2.349650   3.0 -1   0.00E+00  3 0                      3-  0                      
                                          5      0.987  1.000E-01  1.000E-01  0.000E+00
                                          4      1.081  6.250E-02  6.250E-02  0.000E+00
                                          2      1.715  8.375E-01  8.375E-01  0.000E+00
 12   2.563630   2.0  1   0.00E+00  5 1               (2+,3,4+)  0                      
                                          7      0.679  7.000E-02  7.000E-02  0.000E+00
                                          6      0.725  7.000E-02  7.000E-02  0.000E+00
                                          5      1.200  5.700E-01  5.700E-01  0.000E+00
                                          4      1.295  2.200E-01  2.200E-01  0.000E+00
                                          2      1.929  7.000E-02  7.000E-02  0.000E+00
 13   2.662460   5.0  1   0.00E+00  3 0                      5+  0                      
                                          7      0.778  4.895E-01  4.895E-01  0.000E+00
                                          5      1.300  1.608E-01  1.608E-01  0.000E+00
                                          2      2.028  3.497E-01  3.497E-01  0.000E+00
 14   2.818610   2.0  1   0.00E+00  2 1               (2+,3,4+)  0                      
                                          6      0.980  2.000E-01  2.000E-01  0.000E+00
                                          5      1.456  8.000E-01  8.000E-01  0.000E+00
 15   2.831870   4.0 -1   0.00E+00  1 0                      4-  0                      
                                          5      1.469  1.000E+00  1.000E+00  0.000E+00
 16   2.918710   2.0  1   0.00E+00  4 1               (2+,3,4+)  0                      
                                          6      1.080  1.269E-01  1.269E-01  0.000E+00
                                          5      1.555  8.883E-02  8.883E-02  0.000E+00
                                          4      1.650  9.898E-02  9.898E-02  0.000E+00
                                          2      2.284  6.853E-01  6.853E-01  0.000E+00
 17   3.037300   2.0  1   0.00E+00  1 0                    (2+)  0                      
                                          3      2.183  1.000E+00  1.000E+00  0.000E+00
 18   3.078190   4.0  1   0.00E+00  4 0                    (4)+  0                      
                                         10      0.764  3.356E-02  3.356E-02  0.000E+00
                                          7      1.194  1.342E-02  1.342E-02  0.000E+00
                                          5      1.715  8.993E-01  8.993E-01  0.000E+00
                                          2      2.444  5.369E-02  5.369E-02  0.000E+00
 19   3.112700   2.0  1   0.00E+00  2 1               (2+,3,4+)  0                      
                                          4      1.843  6.667E-01  6.667E-01  0.000E+00
                                          2      2.478  3.333E-01  3.333E-01  0.000E+00
 20   3.200900   4.0  0   0.00E+00  1 0                     (4)  0                      
                                          5      1.838  1.000E+00  1.000E+00  0.000E+00
 21   3.250970   1.0  0   0.00E+00  3 1                  (1,2+)  0                      
                                          7      1.367  9.091E-01  9.091E-01  0.000E+00
                                          3      2.397  5.455E-02  5.455E-02  0.000E+00
                                          2      2.616  3.636E-02  3.636E-02  0.000E+00
 22   3.253300   2.0  0   0.00E+00  1 0                (2 TO 6)  0                      
                                          5      1.890  1.000E+00  1.000E+00  0.000E+00
 23   3.306100   2.0  0   0.00E+00  2 0                (2 TO 6)  0                      
                                          8      1.198  3.636E-01  3.636E-01  0.000E+00
                                          7      1.422  6.364E-01  6.364E-01  0.000E+00
 24   3.379580   2.0  1   0.00E+00  2 0                    (2+)  0                      
                                          7      1.494  5.238E-01  5.238E-01  0.000E+00
                                          2      2.745  4.762E-01  4.762E-01  0.000E+00
 25   3.580400   2.0  1   0.00E+00  2 0                    (2+)  0                      
                                          5      2.217  6.250E-01  6.250E-01  0.000E+00
                                          2      2.946  3.750E-01  3.750E-01  0.000E+00
 26   3.675020   2.0  1   0.00E+00  3 1               (2+,3,4+)  0                      
                                          8      1.566  6.844E-02  6.844E-02  0.000E+00
                                          5      2.312  7.034E-01  7.034E-01  0.000E+00
                                          2      3.040  2.281E-01  2.281E-01  0.000E+00
 27   3.771990   4.0  1   0.00E+00  4 0                    (4+)  0                      
                                          6      1.934  2.092E-01  2.092E-01  0.000E+00
                                          5      2.409  4.184E-01  4.184E-01  0.000E+00
                                          4      2.502  7.950E-02  7.950E-02  0.000E+00
                                          2      3.137  2.929E-01  2.929E-01  0.000E+00
 28   3.928800   2.0  0   0.00E+00  1 0                (2 TO 6)  0                      
                                         18      0.851  1.000E+00  1.000E+00  0.000E+00
 29   3.931100   0.0  1   0.00E+00  1 1                  (0+,1)  0                      
                                          4      2.662  1.000E+00  1.000E+00  0.000E+00
 30   4.309370   3.0  0   0.00E+00  4 1                  (3,4+)  0                      
                                         12      1.746  6.542E-02  6.542E-02  0.000E+00
                                         10      1.995  2.336E-01  2.336E-01  0.000E+00
                                          5      2.946  1.402E-01  1.402E-01  0.000E+00
                                          4      3.040  5.607E-01  5.607E-01  0.000E+00
 31   4.441870   3.0  0   0.00E+00  3 1                  (3,4+)  0                      
                                          8      2.333  2.727E-01  2.727E-01  0.000E+00
                                          4      3.173  3.636E-01  3.636E-01  0.000E+00
                                          2      3.807  3.636E-01  3.636E-01  0.000E+00
 32   4.496540   3.0  0   0.00E+00  3 1                  (3,4+)  0                      
                                          8      2.388  3.421E-01  3.421E-01  0.000E+00
                                          4      3.228  2.368E-01  2.368E-01  0.000E+00
                                          2      3.862  4.211E-01  4.211E-01  0.000E+00
 33   4.516460   3.0  0   0.00E+00  5 1                  (3,4+)  0                      
                                         13      1.854  1.538E-01  1.538E-01  0.000E+00
                                         12      1.953  1.077E-01  1.077E-01  0.000E+00
                                          5      3.153  3.385E-01  3.385E-01  0.000E+00
                                          4      3.248  1.538E-01  1.538E-01  0.000E+00
                                          2      3.882  2.462E-01  2.462E-01  0.000E+00
 34   4.580000   3.0  0   0.00E+00  2 1                 (3,4,5)  0                      
                                          8      2.472  5.000E-01  5.000E-01  0.000E+00
                                          7      2.696  5.000E-01  5.000E-01  0.000E+00
 35   4.586280   3.0  0   0.00E+00  4 1                  (3,4+)  0                      
                                         18      1.508  7.407E-02  7.407E-02  0.000E+00
                                          8      2.478  1.543E-01  1.543E-01  0.000E+00
                                          7      2.702  4.012E-01  4.012E-01  0.000E+00
                                          2      3.951  3.704E-01  3.704E-01  0.000E+00
 36   4.592210   4.0  1   0.00E+00  6 0                    (4+)  0                      
                                         12      2.028  7.042E-02  7.042E-02  0.000E+00
                                          8      2.486  5.634E-02  5.634E-02  0.000E+00
                                          7      2.708  8.451E-02  8.451E-02  0.000E+00
                                          5      3.228  1.268E-01  1.268E-01  0.000E+00
                                          4      3.323  8.451E-02  8.451E-02  0.000E+00
                                          2      3.958  5.775E-01  5.775E-01  0.000E+00
 37   4.661980   3.0  0   0.00E+00  5 1                  (3,4+)  0                      
                                         12      2.099  1.316E-01  1.316E-01  0.000E+00
                                          6      2.825  0.000E+00  0.000E+00  0.000E+00
                                          5      3.298  3.947E-01  3.947E-01  0.000E+00
                                          4      3.394  1.579E-01  1.579E-01  0.000E+00
                                          2      4.027  3.158E-01  3.158E-01  0.000E+00
 38   4.699600   3.0  0   0.00E+00  2 1                  (3,4+)  0                      
                                          5      3.336  8.609E-01  8.609E-01  0.000E+00
                                          2      4.064  1.391E-01  1.391E-01  0.000E+00
 39   4.757300   3.0  0   0.00E+00  2 1                  (3,4+)  0                      
                                          5      3.394  8.333E-01  8.333E-01  0.000E+00
                                          2      4.123  1.667E-01  1.667E-01  0.000E+00
 40   4.794520   3.0  0   0.00E+00  2 1                 (3,4,5)  0                      
                                         27      1.023  2.391E-01  2.391E-01  0.000E+00
                                          5      3.431  7.609E-01  7.609E-01  0.000E+00
