 73Br   73   35   65   48   22    1   12.655354    3.066569
  1   0.000000   0.5 -1   2.04E+02  0 0                    1/2-  0                      
  2   0.026940   2.5 -1   0.00E+00  1 0                  (5/2)-  0                      
                                          1      0.027  9.852E-03  1.000E+00  1.005E+02
  3   0.178040   1.5 -1   3.50E-10  2 0                    3/2-  0                      
                                          2      0.151  1.768E-01  1.963E-01  1.100E-01
                                          1      0.178  7.765E-01  8.037E-01  3.500E-02
  4   0.240450   1.5 -1   3.50E-08  2 1              (3/2,5/2)-  0                      
                                          3      0.062  4.239E-01  6.049E-01  4.270E-01
                                          2      0.213  3.750E-01  3.951E-01  5.360E-02
  5   0.286090   2.5  1   0.00E+00  4 0                  (5/2)+  0                      
                                          4      0.046  3.428E-01  6.355E-01  8.540E-01
                                          3      0.108  1.613E-01  1.722E-01  6.730E-02
                                          2      0.259  7.393E-02  7.431E-02  5.200E-03
                                          1      0.287  1.143E-01  1.181E-01  3.340E-02
  6   0.419030   0.5 -1   0.00E+00  2 1          (1/2-,3/2,5/2)  0                      
                                          3      0.241  6.425E-01  6.553E-01  2.000E-02
                                          2      0.392  3.433E-01  3.447E-01  4.000E-03
  7   0.423400   0.5  0   0.00E+00  3 1          (1/2,3/2,5/2-)  0                      
                                          4      0.183  1.102E-01  1.162E-01  5.400E-02
                                          2      0.396  4.669E-01  4.688E-01  3.900E-03
                                          1      0.423  4.150E-01  4.150E-01  0.000E+00
  8   0.473400   0.5 -1   0.00E+00  2 1         (1/2-,3/2,5/2-)  0                      
                                          2      0.446  2.098E-01  2.098E-01  0.000E+00
                                          1      0.473  7.902E-01  7.902E-01  0.000E+00
  9   0.481200   2.5 -1   0.00E+00  2 0                  (5/2-)  0                      
                                          3      0.303  3.498E-01  3.536E-01  1.100E-02
                                          2      0.454  6.464E-01  6.464E-01  0.000E+00
 10   0.635260   0.5 -1   0.00E+00  3 1         (1/2-,3/2,5/2-)  0                      
                                          3      0.457  4.219E-01  4.219E-01  0.000E+00
                                          2      0.609  1.055E-01  1.055E-01  0.000E+00
                                          1      0.635  4.727E-01  4.727E-01  0.000E+00
 11   0.681100   3.5 -1   1.52E-11  2 0                    7/2-  0                      
                                          3      0.503  8.875E-01  8.875E-01  0.000E+00
                                          2      0.654  1.125E-01  1.125E-01  0.000E+00
 12   0.713300   0.5 -1   0.00E+00  2 1         (1/2-,3/2,5/2-)  0                      
                                          2      0.686  9.104E-01  9.104E-01  0.000E+00
                                          1      0.713  8.955E-02  8.955E-02  0.000E+00
 13   1.137520   0.5 -1   0.00E+00  4 1          (1/2-,3/2,5/2)  0                      
                                          9      0.656  1.061E-01  1.061E-01  0.000E+00
                                          6      0.718  1.397E-01  1.397E-01  0.000E+00
                                          3      0.960  4.916E-01  4.916E-01  0.000E+00
                                          2      1.111  2.626E-01  2.626E-01  0.000E+00
 14   1.473000   0.5 -1   0.00E+00  2 1          (1/2-,3/2,5/2)  0                      
                                          3      1.295  3.714E-01  3.714E-01  0.000E+00
                                          2      1.446  6.286E-01  6.286E-01  0.000E+00
 15   1.542400   0.5  0   0.00E+00  2 1           (1/2,3/2,5/2)  0                      
                                         10      0.907  5.152E-01  5.152E-01  0.000E+00
                                          3      1.364  4.848E-01  4.848E-01  0.000E+00
 16   2.153900   0.5 -1   0.00E+00  3 1          (1/2-,3/2,5/2)  0                      
                                          9      1.673  3.529E-01  3.529E-01  0.000E+00
                                          3      1.976  3.333E-01  3.333E-01  0.000E+00
                                          2      2.127  3.137E-01  3.137E-01  0.000E+00
 17   2.261500   0.5  0   0.00E+00  2 1          (1/2,3/2,5/2-)  0                      
                                          3      2.083  8.333E-01  8.333E-01  0.000E+00
                                          1      2.262  1.667E-01  1.667E-01  0.000E+00
 18   2.555000   0.5 -1   0.00E+00  2 1          (1/2-,3/2,5/2)  0                      
                                          9      2.074  6.774E-01  6.774E-01  0.000E+00
                                          2      2.528  3.226E-01  3.226E-01  0.000E+00
 19   3.017300   0.5 -1   0.00E+00  3 1          (1/2,3/2,5/2)-  0                      
                                         12      2.304  2.083E-01  2.083E-01  0.000E+00
                                          9      2.537  2.708E-01  2.708E-01  0.000E+00
                                          3      2.839  5.208E-01  5.208E-01  0.000E+00
 20   3.252100   0.5 -1   0.00E+00  1 1          (1/2-,3/2,5/2)  0                      
                                          9      2.771  1.000E+00  1.000E+00  0.000E+00
 21   3.285100   0.5  0   0.00E+00  1 1           (1/2,3/2,5/2)  0                      
                                          3      3.107  1.000E+00  1.000E+00  0.000E+00
 22   3.462300   0.5 -1   0.00E+00  2 1          (1/2-,3/2,5/2)  0                      
                                          3      3.284  6.500E-01  6.500E-01  0.000E+00
                                          2      3.435  3.500E-01  3.500E-01  0.000E+00
 23   3.469100   0.5  0   0.00E+00  1 1           (1/2,3/2,5/2)  0                      
                                          3      3.291  1.000E+00  1.000E+00  0.000E+00
 24   4.280000  -1.0  0   0.00E+00  0 0                          0                      
 25   4.330000  -1.0  0   0.00E+00  0 0                          0                      
 26   4.380000  -1.0  0   0.00E+00  0 0                          0                      
 27   4.430000  -1.0  0   0.00E+00  0 0                          0                      
 28   4.460000  -1.0  0   0.00E+00  0 0                          0                      
 29   4.500000  -1.0  0   0.00E+00  0 0                          0                      
 30   4.530000  -1.0  0   0.00E+00  0 0                          0                      
 31   4.600000  -1.0  0   0.00E+00  0 0                          0                      
 32   4.640000  -1.0  0   0.00E+00  0 0                          0                      
 33   4.670000  -1.0  0   0.00E+00  0 0                          0                      
 34   4.710000  -1.0  0   0.00E+00  0 0                          0                      
 35   4.740000  -1.0  0   0.00E+00  0 0                          0                      
 36   4.780000  -1.0  0   0.00E+00  0 0                          0                      
 37   4.830000  -1.0  0   0.00E+00  0 0                          0                      
 38   4.890000  -1.0  0   0.00E+00  0 0                          0                      
 39   4.960000  -1.0  0   0.00E+00  0 0                          0                      
 40   5.040000  -1.0  0   0.00E+00  0 0                          0                      
 41   5.090000  -1.0  0   0.00E+00  0 0                          0                      
 42   5.170000  -1.0  0   0.00E+00  0 0                          0                      
 43   5.230000  -1.0  0   0.00E+00  0 0                          0                      
 44   5.270000  -1.0  0   0.00E+00  0 0                          0                      
 45   5.310000  -1.0  0   0.00E+00  0 0                          0                      
 46   5.340000  -1.0  0   0.00E+00  0 0                          0                      
 47   5.390000  -1.0  0   0.00E+00  0 0                          0                      
 48   5.450000  -1.0  0   0.00E+00  0 0                          0                      
 49   5.500000  -1.0  0   0.00E+00  0 0                          0                      
 50   5.560000  -1.0  0   0.00E+00  0 0                          0                      
 51   5.610000  -1.0  0   0.00E+00  0 0                          0                      
 52   5.650000  -1.0  0   0.00E+00  0 0                          0                      
 53   5.700000  -1.0  0   0.00E+00  0 0                          0                      
 54   5.750000  -1.0  0   0.00E+00  0 0                          0                      
 55   5.790000  -1.0  0   0.00E+00  0 0                          0                      
 56   5.830000  -1.0  0   0.00E+00  0 0                          0                      
 57   5.890000  -1.0  0   0.00E+00  0 0                          0                      
 58   5.960000  -1.0  0   0.00E+00  0 0                          0                      
 59   6.060000  -1.0  0   0.00E+00  0 0                          0                      
 60   6.140000  -1.0  0   0.00E+00  0 0                          0                      
 61   6.190000  -1.0  0   0.00E+00  0 0                          0                      
 62   6.240000  -1.0  0   0.00E+00  0 0                          0                      
 63   6.290000  -1.0  0   0.00E+00  0 0                          0                      
 64   6.380000  -1.0  0   0.00E+00  0 0                          0                      
 65   6.480000  -1.0  0   0.00E+00  0 0                          0                      
