 80Kr   80   36    4    5    3    4   11.522483    9.114359
  1   0.000000   0.0  1  -1.00E+00  0 0                      0+  0                      
  2   0.616800   2.0  1   0.00E+00  1 0                      2+  0                      
                                          1      0.617  1.000E+00  1.000E+00  0.000E+00
  3   1.256500   2.0  1   0.00E+00  2 0                      2+  0                      
                                          2      0.640  7.229E-01  7.229E-01  0.000E+00
                                          1      1.257  2.771E-01  2.771E-01  0.000E+00
  4   1.321100   0.0  1   0.00E+00  2 0                      0+  0                      
                                          2      0.704  1.000E+00  1.000E+00  0.000E+00
                                          1      1.321  0.000E+00  0.000E+00  0.000E+00
