 80Sr   80   38    5    5    4    3   12.903121    6.797660
  1   0.000000   0.0  1  -1.00E+00  0 0                      0+  0                      
  2   0.385850   2.0  1   0.00E+00  1 0                      2+  0                      
                                          1      0.386  1.000E+00  1.000E+00  0.000E+00
  3   0.980700   4.0  1   0.00E+00  1 0                      4+  0                      
                                          2      0.595  1.000E+00  1.000E+00  0.000E+00
  4   1.142390   2.0  1   0.00E+00  2 0                    (2+)  0                      
                                          2      0.756  6.667E-01  6.667E-01  0.000E+00
                                          1      1.142  3.333E-01  3.333E-01  0.000E+00
  5   2.492530   0.0  0   0.00E+00  1 1                 (0,1,2)  0                      
                                          4      1.350  1.000E+00  1.000E+00  0.000E+00
