  89Y   89   39    6    5    5    6   11.483491    7.078544
  1   0.000000   0.5 -1  -1.00E+00  0 0                    1/2-  0                      
  2   0.909150   4.5  1   0.00E+00  1 0                    9/2+  0                      
                                          1      0.909  9.916E-01  1.000E+00  8.510E-03
  3   1.744500   2.5 -1   0.00E+00  1 0                    5/2-  0                      
                                          1      1.744  1.000E+00  1.000E+00  0.000E+00
  4   2.529970   3.5  1   0.00E+00  1 0                    7/2+  0                      
                                          2      1.621  1.000E+00  1.000E+00  0.000E+00
  5   2.566470   5.5  1   0.00E+00  1 0                   11/2+  0                      
                                          2      1.657  1.000E+00  1.000E+00  0.000E+00
  6   2.622200   4.5  1   0.00E+00  1 0                    9/2+  0                      
                                          2      1.713  1.000E+00  1.000E+00  0.000E+00
