  84Y   84   39    5    4    3    0    9.760085    4.385795
  1   0.000000   6.0  1   2.37E+03  0 0                    (6+)  1 =    100.0000 %EC+%B+
  2   0.066900   1.0  1   4.60E+00  0 0                      1+  1 =    100.0000 %EC+%B+
  3   0.112500   4.0  1   7.90E-08  1 0                    (4+)  0                      
                                          1      0.113  5.910E-01  1.000E+00  6.920E-01
  4   0.157400  -1.0  0   0.00E+00  1 0                          0                      
                                          3      0.045  1.000E+00  1.000E+00  0.000E+00
  5   0.198500  -1.0  0   0.00E+00  2 0                          0                      
                                          4      0.041  5.692E-01  5.692E-01  0.000E+00
                                          2      0.132  4.308E-01  4.308E-01  0.000E+00
