 92Zr   92   40    6    6    5    6    8.634750    9.396674
  1   0.000000   0.0  1  -1.00E+00  0 0                      0+  0                      
  2   0.934480   2.0  1   0.00E+00  1 0                      2+  0                      
                                          1      0.934  9.992E-01  1.000E+00  7.860E-04
  3   1.383000   0.0  1   0.00E+00  1 0                      0+  0                      
                                          2      0.449  1.000E+00  1.000E+00  0.000E+00
  4   1.495000   4.0  1   0.00E+00  1 0                      4+  0                      
                                          2      0.561  1.000E+00  1.000E+00  0.000E+00
  5   1.847220   2.0  1   0.00E+00  2 0                      2+  0                      
                                          2      0.913  6.762E-01  6.768E-01  8.190E-04
                                          1      1.847  3.231E-01  3.232E-01  4.220E-04
  6   2.066660   2.0  1   0.00E+00  1 0                      2+  0                      
                                          2      1.132  9.995E-01  1.000E+00  5.100E-04
