 90Mo   90   42   14   17   13    6   13.228888    6.835731
  1   0.000000   0.0  1   2.00E+04  0 0                      0+  0                      
  2   0.948100   2.0  1   0.00E+00  1 0                      2+  0                      
                                          1      0.948  1.000E+00  1.000E+00  0.000E+00
  3   2.002400   4.0  1   0.00E+00  1 0                      4+  0                      
                                          2      1.054  1.000E+00  1.000E+00  0.000E+00
  4   2.549400   5.0 -1   0.00E+00  1 0                      5-  0                      
                                          3      0.547  1.000E+00  1.000E+00  0.000E+00
  5   2.812200   6.0  1   0.00E+00  2 0                      6+  0                      
                                          4      0.263  3.652E-02  3.652E-02  0.000E+00
                                          3      0.810  9.635E-01  9.635E-01  0.000E+00
  6   2.859700   5.0 -1   0.00E+00  1 0                      5-  0                      
                                          4      0.310  1.000E+00  1.000E+00  0.000E+00
  7   2.947000   6.0  1   0.00E+00  2 0                    (6+)  0                      
                                          5      0.135  1.244E-01  1.244E-01  0.000E+00
                                          3      0.945  8.756E-01  8.756E-01  0.000E+00
  8   3.037900  -1.0  0   0.00E+00  1 0                          0                      
                                          3      1.036  1.000E+00  1.000E+00  0.000E+00
  9   3.150300  -1.0  0   0.00E+00  1 0                          0                      
                                          3      1.148  1.000E+00  1.000E+00  0.000E+00
 10   3.293800  -1.0  0   0.00E+00  2 0                          0                      
                                          5      0.482  6.507E-01  6.507E-01  0.000E+00
                                          3      1.291  3.493E-01  3.493E-01  0.000E+00
 11   3.539900  -1.0  0   0.00E+00  1 0                          0                      
                                          7      0.593  1.000E+00  1.000E+00  0.000E+00
 12   4.094800  -1.0  0   0.00E+00  2 0                          0                      
                                         10      0.801  5.957E-01  5.957E-01  0.000E+00
                                          3      2.092  4.043E-01  4.043E-01  0.000E+00
 13   4.175900  -1.0  0   0.00E+00  1 0                          0                      
                                          5      1.364  1.000E+00  1.000E+00  0.000E+00
 14   4.357700  -1.0  0   0.00E+00  1 0                          0                      
                                          3      2.355  1.000E+00  1.000E+00  0.000E+00
