 93Mo   93   42   11   10   10    4    8.069810    7.642760
  1   0.000000   2.5  1  -1.00E+00  0 0                    5/2+  0                      
  2   0.943700   0.5  1   0.00E+00  1 0                    1/2+  0                      
                                          1      0.944  9.991E-01  1.000E+00  8.830E-04
  3   1.492200   1.5  1   0.00E+00  1 0                    3/2+  0                      
                                          1      1.492  9.996E-01  1.000E+00  4.150E-04
  4   2.182000   1.5  1   0.00E+00  1 0                    3/2+  0                      
                                          1      2.182  9.995E-01  1.000E+00  5.240E-04
  5   2.539000   1.5  0   0.00E+00  1 0                   (3/2)  0                      
                                          3      1.047  9.993E-01  1.000E+00  7.080E-04
  6   2.644600   1.5 -1   0.00E+00  1 0                  (3/2)-  0                      
                                          1      2.645  1.000E+00  1.000E+00  0.000E+00
  7   2.698300   1.5 -1   0.00E+00  1 0                  (3/2)-  0                      
                                          1      2.698  1.000E+00  1.000E+00  0.000E+00
  8   2.861500   1.5 -1   0.00E+00  1 0                  (3/2)-  0                      
                                          1      2.861  1.000E+00  1.000E+00  0.000E+00
  9   2.955600   0.5 -1   0.00E+00  1 1               1/2-,3/2-  0                      
                                          2      2.012  1.000E+00  1.000E+00  0.000E+00
 10   3.220400   1.5 -1   0.00E+00  1 0                  (3/2)-  0                      
                                          1      3.220  1.000E+00  1.000E+00  0.000E+00
 11   3.298200   1.5 -1   0.00E+00  1 0                  (3/2)-  0                      
                                          1      3.298  1.000E+00  1.000E+00  0.000E+00
