 94Ru   94   44    9    9    8    4   13.438197    6.266457
  1   0.000000   0.0  1   3.11E+03  0 0                      0+  0                      
  2   1.430710   2.0  1   0.00E+00  1 0                      2+  0                      
                                          1      1.431  9.996E-01  1.000E+00  4.100E-04
  3   2.186910   4.0  1   0.00E+00  1 0                      4+  0                      
                                          2      0.756  9.983E-01  1.000E+00  1.740E-03
  4   2.498620   6.0  1   6.50E-08  1 0                      6+  0                      
                                          3      0.312  9.768E-01  1.000E+00  2.370E-02
  5   2.503220   3.0  0   0.00E+00  1 1                 (3,4,5)  0                      
                                          2      1.073  1.000E+00  1.000E+00  0.000E+00
  6   2.625020   5.0 -1   5.10E-10  2 0                      5-  0                      
                                          4      0.126  3.770E-01  4.038E-01  7.090E-02
                                          3      0.438  5.949E-01  5.962E-01  2.310E-03
  7   3.117600   3.0  0   0.00E+00  1 1                 (3,4,5)  0                      
                                          6      0.493  1.000E+00  1.000E+00  0.000E+00
  8   3.177900   3.0  0   0.00E+00  1 1                 (3,4,5)  0                      
                                          6      0.553  1.000E+00  1.000E+00  0.000E+00
  9   3.255000   3.0  0   0.00E+00  1 1                 (3,4,5)  0                      
                                          3      1.068  1.000E+00  1.000E+00  0.000E+00
