 94Ru   94   44    7    7    6    6   13.438197    6.266457
  1   0.000000   0.0  1   3.11E+03  0 0                      0+  0                      
  2   1.430710   2.0  1   0.00E+00  1 0                      2+  0                      
                                          1      1.431  9.996E-01  1.000E+00  4.100E-04
  3   2.186910   4.0  1   0.00E+00  1 0                      4+  0                      
                                          2      0.756  9.983E-01  1.000E+00  1.740E-03
  4   2.498620   6.0  1   6.50E-08  1 0                      6+  0                      
                                          3      0.312  9.768E-01  1.000E+00  2.370E-02
  5   2.625020   5.0 -1   5.10E-10  2 0                      5-  0                      
                                          4      0.126  2.318E-01  2.483E-01  7.090E-02
                                          3      0.438  7.500E-01  7.517E-01  2.310E-03
  6   2.644720   8.0  1   7.10E-05  1 0                      8+  0                      
                                          4      0.146  7.491E-01  1.000E+00  3.350E-01
  7   3.658400   7.0 -1   0.00E+00  1 0                    (7-)  0                      
                                          5      1.033  9.992E-01  1.000E+00  8.300E-04
