 92Ru   92   44    7    6    6    1   14.132696    5.603525
  1   0.000000   0.0  1  -1.00E+00  0 0                      0+  0                      
  2   0.865700   2.0  1   0.00E+00  1 0                    (2+)  0                      
                                          1      0.866  1.000E+00  1.000E+00  0.000E+00
  3   1.856800   4.0  1   0.00E+00  1 0                    (4+)  0                      
                                          2      0.991  1.000E+00  1.000E+00  0.000E+00
  4   2.674600   6.0  1   0.00E+00  1 0                    (6+)  0                      
                                          3      0.818  1.000E+00  1.000E+00  0.000E+00
  5   2.775900  -1.0  0   0.00E+00  1 0                          0                      
                                          3      0.919  1.000E+00  1.000E+00  0.000E+00
  6   2.837700   8.0  1   0.00E+00  1 0                    (8+)  0                      
                                          4      0.163  8.163E-01  1.000E+00  2.250E-01
  7   3.014500   5.0  0   0.00E+00  1 0                   (GE5)  0                      
                                          4      0.340  1.000E+00  1.000E+00  0.000E+00
