100Pd  100   46   35   33   20    3   11.101129    6.917122
  1   0.000000   0.0  1  -1.00E+00  0 0                      0+  0                      
  2   0.665690   2.0  1   0.00E+00  1 0                      2+  0                      
                                          1      0.666  9.973E-01  1.000E+00  2.710E-03
  3   1.416490   4.0  1   0.00E+00  1 0                      4+  0                      
                                          2      0.751  9.980E-01  1.000E+00  1.990E-03
  4   1.587980   2.0  1   0.00E+00  2 0                    2(+)  0                      
                                          2      0.922  5.905E-01  5.912E-01  1.240E-03
                                          1      1.588  4.088E-01  4.088E-01  0.000E+00
  5   1.926210   3.0  1   0.00E+00  2 0                    3(+)  0                      
                                          3      0.510  0.000E+00  0.000E+00  0.000E+00
                                          2      1.260  1.000E+00  1.000E+00  0.000E+00
  6   2.056420   4.0 -1   0.00E+00  1 0                    (4-)  0                      
                                          3      0.640  1.000E+00  1.000E+00  0.000E+00
  7   2.189720   6.0  1   0.00E+00  1 0                      6+  0                      
                                          3      0.773  9.982E-01  1.000E+00  1.800E-03
  8   2.279010   5.0  1   0.00E+00  3 0                    5(+)  0                      
                                          6      0.223  1.754E-01  1.781E-01  1.570E-02
                                          5      0.353  1.719E-01  1.719E-01  0.000E+00
                                          3      0.863  6.490E-01  6.500E-01  1.560E-03
  9   2.351050   4.0  1   0.00E+00  1 0                    (4+)  0                      
                                          2      1.686  1.000E+00  1.000E+00  0.000E+00
 10   2.470360   6.0  1   0.00E+00  3 0                    6(+)  0                      
                                          8      0.191  1.857E-02  1.978E-02  6.470E-02
                                          7      0.281  3.968E-01  4.061E-01  2.340E-02
                                          3      1.054  5.741E-01  5.741E-01  0.000E+00
 11   2.532300   2.0  1   0.00E+00  1 0                    (2+)  0                      
                                          3      1.116  1.000E+00  1.000E+00  0.000E+00
 12   2.621700   1.0 -1   0.00E+00  1 0                 (1-:4+)  0                      
                                          2      1.956  1.000E+00  1.000E+00  0.000E+00
 13   2.679400   0.0  1   0.00E+00  1 0                 (0+:4+)  0                      
                                          2      2.013  1.000E+00  1.000E+00  0.000E+00
 14   2.694500   4.0  0   0.00E+00  1 0                     (4)  0                      
                                          3      1.278  1.000E+00  1.000E+00  0.000E+00
 15   2.821800   4.0  0   0.00E+00  1 0                     (4)  0                      
                                          3      1.405  1.000E+00  1.000E+00  0.000E+00
 16   2.879920   4.0  1   0.00E+00  3 0                    (4+)  0                      
                                          9      0.529  5.627E-01  5.627E-01  0.000E+00
                                          5      0.953  2.813E-02  2.813E-02  0.000E+00
                                          2      2.214  4.092E-01  4.092E-01  0.000E+00
 17   2.920540   4.0  1   0.00E+00  4 0                    (4)+  0                      
                                         10      0.450  4.581E-01  4.581E-01  0.000E+00
                                          9      0.570  1.877E-02  1.877E-02  0.000E+00
                                          7      0.731  1.927E-01  1.927E-01  0.000E+00
                                          3      1.504  3.304E-01  3.304E-01  0.000E+00
 18   3.079970   4.0  1   0.00E+00  2 1              (4+,5+,6+)  0                      
                                         10      0.610  5.091E-01  5.091E-01  0.000E+00
                                          7      0.890  4.909E-01  4.909E-01  0.000E+00
 19   3.236200   2.0  1   0.00E+00  2 1                 (2+,3+)  0                      
                                         12      0.614  1.667E-01  1.667E-01  0.000E+00
                                          3      1.820  8.333E-01  8.333E-01  0.000E+00
 20   3.311750   4.0  0   0.00E+00  1 1                 (4,5,6)  0                      
                                          9      0.961  1.000E+00  1.000E+00  0.000E+00
 21   3.630000  -1.0  0   0.00E+00  0 0                          0                      
 22   3.824000   4.0  0   0.00E+00  1 1                 (4,5,6)  0                      
                                          6      1.768  1.000E+00  1.000E+00  0.000E+00
 23   3.880000  -1.0  0   0.00E+00  0 0                          0                      
 24   4.130000  -1.0  0   0.00E+00  0 0                          0                      
 25   4.380000  -1.0  0   0.00E+00  0 0                          0                      
 26   4.630000  -1.0  0   0.00E+00  0 0                          0                      
 27   4.880000  -1.0  0   0.00E+00  0 0                          0                      
 28   5.130000  -1.0  0   0.00E+00  0 0                          0                      
 29   5.380000  -1.0  0   0.00E+00  0 0                          0                      
 30   5.630000  -1.0  0   0.00E+00  0 0                          0                      
 31   5.880000  -1.0  0   0.00E+00  0 0                          0                      
 32   6.130000  -1.0  0   0.00E+00  0 0                          0                      
 33   6.380000  -1.0  0   0.00E+00  0 0                          0                      
 34   6.630000  -1.0  0   0.00E+00  0 0                          0                      
 35   6.750000  -1.0  0   0.00E+00  0 0                          0                      
