100Pd  100   46   10   11    9    3   11.101129    6.917122
  1   0.000000   0.0  1  -1.00E+00  0 0                      0+  0                      
  2   0.665690   2.0  1   0.00E+00  1 0                      2+  0                      
                                          1      0.666  9.973E-01  1.000E+00  2.710E-03
  3   1.416480   4.0  1   0.00E+00  1 0                      4+  0                      
                                          2      0.751  9.980E-01  1.000E+00  1.990E-03
  4   1.523600   1.0  0   0.00E+00  1 1                  (1,2+)  0                      
                                          1      1.524  1.000E+00  1.000E+00  0.000E+00
  5   1.587980   2.0  1   0.00E+00  2 0                    2(+)  0                      
                                          2      0.922  5.810E-01  5.817E-01  1.240E-03
                                          1      1.588  4.183E-01  4.183E-01  0.000E+00
  6   2.359700   2.0  1   0.00E+00  1 0                    (2+)  0                      
                                          2      1.694  9.995E-01  1.000E+00  5.140E-04
  7   2.532290   2.0  1   0.00E+00  1 0                    (2+)  0                      
                                          3      1.116  9.992E-01  1.000E+00  7.910E-04
  8   2.621900   1.0 -1   0.00E+00  1 0                 (1-:4+)  0                      
                                          2      1.956  1.000E+00  1.000E+00  0.000E+00
  9   2.784200   1.0  1   0.00E+00  1 1              (1+,2+,3+)  0                      
                                          2      2.119  1.000E+00  1.000E+00  0.000E+00
 10   3.236100   2.0  1   0.00E+00  2 1                 (2+,3+)  0                      
                                          8      0.614  2.763E-01  2.763E-01  0.000E+00
                                          3      1.820  7.237E-01  7.237E-01  0.000E+00
