104Pd  104   46   49   67   48    6   10.009461    8.652388
  1   0.000000   0.0  1  -1.00E+00  0 0                      0+  0                      
  2   0.555810   2.0  1   0.00E+00  1 0                      2+  0                      
                                          1      0.556  9.955E-01  1.000E+00  4.470E-03
  3   1.323590   4.0  1   0.00E+00  1 0                      4+  0                      
                                          2      0.768  9.981E-01  1.000E+00  1.900E-03
  4   1.333590   0.0  1   0.00E+00  1 0                      0+  0                      
                                          2      0.778  1.000E+00  1.000E+00  0.000E+00
  5   1.341680   2.0  1   0.00E+00  2 0                      2+  0                      
                                          2      0.786  5.385E-01  5.385E-01  0.000E+00
                                          1      1.342  4.615E-01  4.615E-01  0.000E+00
  6   1.792300   0.0  1   0.00E+00  1 0                      0+  0                      
                                          5      0.450  0.000E+00  0.000E+00  0.000E+00
  7   1.794300   1.0  0   0.00E+00  2 1                     1,2  0                      
                                          2      1.239  9.053E-01  9.053E-01  0.000E+00
                                          1      1.795  9.474E-02  9.474E-02  0.000E+00
  8   1.820650   3.0  1   0.00E+00  2 0                      3+  0                      
                                          5      0.479  1.935E-01  1.935E-01  0.000E+00
                                          2      1.265  8.065E-01  8.065E-01  0.000E+00
  9   1.999100   1.0  0   0.00E+00  1 1                   (1,2)  0                      
                                          1      1.999  1.000E+00  1.000E+00  0.000E+00
 10   2.193400  -1.0  0   0.00E+00  1 0                          0                      
                                          2      1.637  1.000E+00  1.000E+00  0.000E+00
 11   2.245400   2.0  1   0.00E+00  1 0                      2+  0                      
                                          2      1.690  1.000E+00  1.000E+00  0.000E+00
 12   2.276500   1.0  1   0.00E+00  3 1                   1+,2+  0                      
                                          5      0.935  9.804E-02  9.804E-02  0.000E+00
                                          2      1.721  3.725E-01  3.725E-01  0.000E+00
                                          1      2.277  5.294E-01  5.294E-01  0.000E+00
 13   2.298900   4.0 -1   0.00E+00  2 0                      4-  0                      
                                          3      0.974  5.405E-02  5.405E-02  0.000E+00
                                          2      1.743  9.459E-01  9.459E-01  0.000E+00
 14   2.337900   1.0  1   0.00E+00  3 1                   1+,2+  0                      
                                          5      0.996  1.429E-01  1.429E-01  0.000E+00
                                          2      1.782  5.974E-01  5.974E-01  0.000E+00
                                          1      2.338  2.597E-01  2.597E-01  0.000E+00
 15   2.457300   1.0  0   0.00E+00  2 1                 (1,2,3)  0                      
                                          3      1.133  4.750E-01  4.750E-01  0.000E+00
                                          2      1.901  5.250E-01  5.250E-01  0.000E+00
 16   2.478300   1.0  0   0.00E+00  1 1                     1,2  0                      
                                          1      2.478  1.000E+00  1.000E+00  0.000E+00
 17   2.492000  -1.0  0   0.00E+00  1 0                          0                      
                                          2      1.936  1.000E+00  1.000E+00  0.000E+00
 18   2.521400   2.0  1   0.00E+00  1 0                      2+  0                      
                                          2      1.966  1.000E+00  1.000E+00  0.000E+00
 19   2.533400   1.0  0   0.00E+00  2 1                 (1,2,3)  0                      
                                          5      1.192  1.739E-01  1.739E-01  0.000E+00
                                          2      1.978  8.261E-01  8.261E-01  0.000E+00
 20   2.571600   4.0  1   0.00E+00  2 1                  (4,5)+  0                      
                                          3      1.247  3.969E-01  3.969E-01  0.000E+00
                                          2      2.016  6.031E-01  6.031E-01  0.000E+00
 21   2.622200   1.0  0   0.00E+00  1 1                 (1,2,3)  0                      
                                          3      1.298  1.000E+00  1.000E+00  0.000E+00
 22   2.626900   1.0  0   0.00E+00  1 1                     1,2  0                      
                                          1      2.627  1.000E+00  1.000E+00  0.000E+00
 23   2.642600   1.0  0   0.00E+00  1 1                 (1,2,3)  0                      
                                          2      2.087  1.000E+00  1.000E+00  0.000E+00
 24   2.677800   4.0  1   0.00E+00  1 0                      4+  0                      
                                          3      1.354  1.000E+00  1.000E+00  0.000E+00
 25   2.695000   1.0  0   0.00E+00  1 0                  1 TO 3  0                      
                                          2      2.139  1.000E+00  1.000E+00  0.000E+00
 26   2.714800   4.0  0   0.00E+00  1 1                 (4,5,6)  0                      
                                          2      2.159  1.000E+00  1.000E+00  0.000E+00
 27   2.760300   4.0  0   0.00E+00  1 1                 (4,5,6)  0                      
                                          5      1.419  1.000E+00  1.000E+00  0.000E+00
 28   2.771500  -1.0  0   0.00E+00  1 0                          0                      
                                          2      2.216  1.000E+00  1.000E+00  0.000E+00
 29   2.800500   4.0  1   0.00E+00  1 0                      4+  0                      
                                          2      2.245  1.000E+00  1.000E+00  0.000E+00
 30   2.810000   2.0  1   0.00E+00  1 1                   2+,3+  0                      
                                          2      2.254  1.000E+00  1.000E+00  0.000E+00
 31   2.918300   1.0  0   0.00E+00  1 1                 (1,2,3)  0                      
                                          2      2.362  1.000E+00  1.000E+00  0.000E+00
 32   2.960500   2.0  1   0.00E+00  1 1                  (2+,3)  0                      
                                          3      1.636  1.000E+00  1.000E+00  0.000E+00
 33   2.975500   1.0  0   0.00E+00  1 1                 (1,2,3)  0                      
                                          2      2.420  1.000E+00  1.000E+00  0.000E+00
 34   2.993600   2.0  1   0.00E+00  2 1                   2+,3+  0                      
                                          5      1.652  7.500E-01  7.500E-01  0.000E+00
                                          2      2.437  2.500E-01  2.500E-01  0.000E+00
 35   3.008300   1.0  1   0.00E+00  1 1                   1+,2+  0                      
                                          1      3.008  1.000E+00  1.000E+00  0.000E+00
 36   3.034000   1.0  0   0.00E+00  1 1                  (1,2+)  0                      
                                          1      3.034  1.000E+00  1.000E+00  0.000E+00
 37   3.078600   2.0  1   0.00E+00  1 1                   2+,3+  0                      
                                          2      2.523  1.000E+00  1.000E+00  0.000E+00
 38   3.097800   1.0  0   0.00E+00  1 1                     1,2  0                      
                                          1      3.098  1.000E+00  1.000E+00  0.000E+00
 39   3.113300   1.0  0   0.00E+00  1 1                 (1,2,3)  0                      
                                          2      2.557  1.000E+00  1.000E+00  0.000E+00
 40   3.116500   1.0  1   0.00E+00  1 1                  1,2(+)  0                      
                                          1      3.116  1.000E+00  1.000E+00  0.000E+00
 41   3.194100   3.0 -1   0.00E+00  1 1                 (3-,4-)  0                      
                                          3      1.870  1.000E+00  1.000E+00  0.000E+00
 42   3.213500   1.0  1   0.00E+00  3 1                1+,2+,3+  0                      
                                          3      1.891  7.143E-02  7.143E-02  0.000E+00
                                          2      2.658  1.667E-01  1.667E-01  0.000E+00
                                          1      3.214  7.619E-01  7.619E-01  0.000E+00
 43   3.285400   1.0  1   0.00E+00  1 1                1+,2+,3+  0                      
                                          2      2.729  1.000E+00  1.000E+00  0.000E+00
 44   3.333800   3.0 -1   0.00E+00  2 1                 (3-,4-)  0                      
                                          5      1.992  5.385E-01  5.385E-01  0.000E+00
                                          2      2.778  4.615E-01  4.615E-01  0.000E+00
 45   3.408000   1.0  1   0.00E+00  3 1                1+,2+,3+  0                      
                                          5      2.066  1.136E-01  1.136E-01  0.000E+00
                                          2      2.853  1.591E-01  1.591E-01  0.000E+00
                                          1      3.408  7.273E-01  7.273E-01  0.000E+00
 46   3.474400   1.0  0   0.00E+00  2 1                   1,2,3  0                      
                                          2      2.919  6.452E-01  6.452E-01  0.000E+00
                                          1      3.474  3.548E-01  3.548E-01  0.000E+00
 47   3.647800  -1.0  0   0.00E+00  1 0                          0                      
                                          1      3.648  1.000E+00  1.000E+00  0.000E+00
 48   4.009200   1.0  1   0.00E+00  2 1                1+,2+,3+  0                      
                                         22      1.382  9.649E-01  9.649E-01  0.000E+00
                                          1      4.009  3.509E-02  3.509E-02  0.000E+00
 49   4.029700   1.0  1   0.00E+00  1 1                1+,2+,3+  0                      
                                          3      2.705  1.000E+00  1.000E+00  0.000E+00
