102In  102   49   12   13   11    0   10.221312    2.147401
  1   0.000000   6.0  1  -1.00E+00  0 0                    (6+)  0                      
  2   0.094000   4.0  1   0.00E+00  1 0                    (4+)  0                      
                                          1      0.094  1.000E+00  1.000E+00  0.000E+00
  3   0.163000   3.0  1   0.00E+00  1 0                    (3+)  0                      
                                          2      0.069  1.000E+00  1.000E+00  0.000E+00
  4   0.483000   2.0  1   0.00E+00  1 0                    (2+)  0                      
                                          3      0.320  1.000E+00  1.000E+00  0.000E+00
  5   0.700000   3.0  1   0.00E+00  1 0                    (3+)  0                      
                                          3      0.538  1.000E+00  1.000E+00  0.000E+00
  6   0.938000   2.0  1   0.00E+00  2 0                    (2+)  0                      
                                          5      0.238  4.545E-01  4.545E-01  0.000E+00
                                          2      0.844  5.455E-01  5.455E-01  0.000E+00
  7   1.270000   1.0  1   0.00E+00  1 0                    (1+)  0                      
                                          3      1.107  1.000E+00  1.000E+00  0.000E+00
  8   1.521000   1.0  1   0.00E+00  1 0                      1+  0                      
                                          6      0.583  1.000E+00  1.000E+00  0.000E+00
  9   1.546000   1.0  1   0.00E+00  1 0                      1+  0                      
                                          4      1.063  1.000E+00  1.000E+00  0.000E+00
 10   1.808000   1.0  1   0.00E+00  1 0                    (1+)  0                      
                                          4      1.325  0.000E+00  0.000E+00  0.000E+00
 11   1.908000   1.0  1   0.00E+00  1 0                      1+  0                      
                                          4      1.425  1.000E+00  1.000E+00  0.000E+00
 12   2.200000   1.0  1   0.00E+00  2 0                    (1+)  0                      
                                          5      1.500  0.000E+00  0.000E+00  0.000E+00
                                          4      1.717  0.000E+00  0.000E+00  0.000E+00
