 127I  127   53    5    6    4    5    9.144038    6.208020
  1   0.000000   2.5  1  -1.00E+00  0 0                    5/2+  0                      
  2   0.057609   3.5  1   1.86E-09  1 0                    7/2+  0                      
                                          1      0.058  2.119E-01  1.000E+00  3.720E+00
  3   0.202860   1.5  1   3.90E-10  2 0                    3/2+  0                      
                                          2      0.145  5.204E-02  7.656E-02  4.710E-01
                                          1      0.203  8.287E-01  9.234E-01  1.143E-01
  4   0.374992   0.5  1   1.35E-10  2 0                    1/2+  0                      
                                          3      0.172  5.399E-01  6.290E-01  1.649E-01
                                          1      0.375  3.638E-01  3.710E-01  1.990E-02
  5   0.618400   1.5  1   0.00E+00  1 0                    3/2+  0                      
                                          1      0.618  1.000E+00  1.000E+00  0.000E+00
