125Ba  125   56   20   25   18    0    8.650508    5.216887
  1   0.000000   0.5  1   2.10E+02  0 0                  1/2(+)  1 =    100.0000 %EC+%B+
  2   0.000000   2.5  1   0.00E+00  0 0                  (5/2+)  0                      
  3   0.043600   1.5  1   7.00E-10  1 0                  3/2(+)  0                      
                                          2      0.044  4.545E-02  1.000E+00  2.100E+01
  4   0.067600   3.5 -1   2.76E-06  1 0                  (7/2-)  0                      
                                          1      0.068  5.995E-01  1.000E+00  6.680E-01
  5   0.166300   4.5 -1   0.00E+00  1 0                  (9/2-)  0                      
                                          4      0.099  4.000E-01  1.000E+00  1.500E+00
  6   0.168500   3.5  1   0.00E+00  1 0                  (7/2+)  0                      
                                          1      0.169  8.143E-01  1.000E+00  2.280E-01
  7   0.237200   2.5  1   0.00E+00  2 0                  (5/2+)  0                      
                                          3      0.194  4.171E-01  4.897E-01  1.740E-01
                                          2      0.237  4.652E-01  5.103E-01  9.690E-02
  8   0.300400   5.5 -1   0.00E+00  2 0                 (11/2-)  0                      
                                          5      0.134  5.574E-01  8.695E-01  5.600E-01
                                          4      0.233  1.305E-01  1.305E-01  0.000E+00
  9   0.325700   3.5  1   0.00E+00  2 0                  (7/2+)  0                      
                                          7      0.088  7.939E-02  7.939E-02  0.000E+00
                                          3      0.282  8.724E-01  9.206E-01  5.520E-02
 10   0.384900   4.5  1   0.00E+00  2 0                  (9/2+)  0                      
                                          6      0.216  6.511E-01  7.319E-01  1.240E-01
                                          1      0.385  2.681E-01  2.681E-01  0.000E+00
 11   0.651300  -1.0  0   0.00E+00  1 0                          0                      
                                          7      0.414  0.000E+00  0.000E+00  0.000E+00
 12   0.687900  -1.0  0   0.00E+00  1 0                          0                      
                                          5      0.522  0.000E+00  0.000E+00  0.000E+00
 13   0.702300  -1.0  0   0.00E+00  1 0                          0                      
                                          4      0.635  0.000E+00  0.000E+00  0.000E+00
 14   0.735400  -1.0  0   0.00E+00  1 0                          0                      
                                          5      0.569  0.000E+00  0.000E+00  0.000E+00
 15   0.753500  -1.0  0   0.00E+00  1 0                          0                      
                                          4      0.686  0.000E+00  0.000E+00  0.000E+00
 16   0.763200  -1.0  0   0.00E+00  2 0                          0                      
                                         11      0.112  0.000E+00  0.000E+00  0.000E+00
                                          7      0.526  0.000E+00  0.000E+00  0.000E+00
 17   0.841800  -1.0  0   0.00E+00  2 0                          0                      
                                          5      0.675  0.000E+00  0.000E+00  0.000E+00
                                          4      0.774  0.000E+00  0.000E+00  0.000E+00
 18   0.910400  -1.0  0   0.00E+00  1 0                          0                      
                                          8      0.610  0.000E+00  0.000E+00  0.000E+00
 19   1.284000  -1.0  0   0.00E+00  2 0                          0                      
                                          9      0.958  0.000E+00  0.000E+00  0.000E+00
                                          3      1.241  0.000E+00  0.000E+00  0.000E+00
 20   1.310900  -1.0  0   0.00E+00  1 0                          0                      
                                          9      0.985  0.000E+00  0.000E+00  0.000E+00
