126Ba  126   56   51  137   50    6   11.072255    5.869142
  1   0.000000   0.0  1   6.00E+03  0 0                      0+  0                      
  2   0.255960   2.0  1   1.41E-10  1 0                      2+  0                      
                                          1      0.256  9.298E-01  1.000E+00  7.550E-02
  3   0.711030   4.0  1   0.00E+00  1 0                      4+  0                      
                                          2      0.455  9.873E-01  1.000E+00  1.283E-02
  4   0.873550   2.0  1   0.00E+00  2 0                      2+  0                      
                                          2      0.618  6.074E-01  6.110E-01  5.770E-03
                                          1      0.874  3.881E-01  3.890E-01  2.460E-03
  5   0.983410   0.0  1   0.00E+00  1 0                      0+  0                      
                                          2      0.727  9.962E-01  1.000E+00  3.780E-03
  6   1.236200   3.0  1   0.00E+00  3 0                      3+  0                      
                                          4      0.363  1.188E-01  1.220E-01  2.730E-02
                                          3      0.525  9.405E-02  9.494E-02  9.500E-03
                                          2      0.980  7.815E-01  7.830E-01  1.930E-03
  7   1.295960   2.0  1   0.00E+00  5 0                    2(+)  0                      
                                          5      0.312  1.587E-01  1.587E-01  0.000E+00
                                          4      0.422  8.170E-02  8.170E-02  0.000E+00
                                          3      0.585  1.004E-01  1.010E-01  6.530E-03
                                          2      1.040  4.178E-01  4.186E-01  1.820E-03
                                          1      1.296  2.400E-01  2.400E-01  0.000E+00
  8   1.332460   6.0  1   0.00E+00  1 0                      6+  0                      
                                          3      0.621  9.944E-01  1.000E+00  5.590E-03
  9   1.345390   4.0  1   0.00E+00  3 0                      4+  0                      
                                          4      0.472  3.618E-01  3.660E-01  1.158E-02
                                          3      0.634  4.442E-01  4.469E-01  6.000E-03
                                          2      1.089  1.872E-01  1.872E-01  0.000E+00
 10   1.717550   2.0  1   0.00E+00  3 0                      2+  0                      
                                          3      1.007  1.821E-01  1.821E-01  0.000E+00
                                          2      1.462  5.288E-01  5.288E-01  0.000E+00
                                          1      1.717  2.891E-01  2.891E-01  0.000E+00
 11   1.742540   3.0 -1   0.00E+00  3 0                      3-  0                      
                                          9      0.397  1.471E-03  1.471E-03  0.000E+00
                                          3      1.031  3.759E-01  3.762E-01  7.200E-04
                                          2      1.487  6.223E-01  6.223E-01  0.000E+00
 12   1.753800   2.0  1   0.00E+00  5 1                 2+,3,4+  0                      
                                          9      0.408  7.528E-02  7.528E-02  0.000E+00
                                          7      0.458  2.008E-01  2.008E-01  0.000E+00
                                          6      0.518  1.046E-01  1.046E-01  0.000E+00
                                          4      0.880  4.935E-01  4.935E-01  0.000E+00
                                          3      1.043  1.259E-01  1.259E-01  0.000E+00
 13   1.807900   5.0  1   0.00E+00  4 0                      5+  0                      
                                          9      0.463  3.702E-02  3.702E-02  0.000E+00
                                          8      0.475  3.744E-02  3.744E-02  0.000E+00
                                          6      0.572  4.628E-01  4.628E-01  0.000E+00
                                          3      1.097  4.628E-01  4.628E-01  0.000E+00
 14   1.810110   2.0  1   0.00E+00  3 1                 2+,3,4+  0                      
                                          6      0.574  5.301E-01  5.301E-01  0.000E+00
                                          4      0.937  8.209E-02  8.209E-02  0.000E+00
                                          3      1.099  3.878E-01  3.878E-01  0.000E+00
 15   1.876680  -1.0  0   0.00E+00  3 0                          0                      
                                          6      0.640  1.977E-01  1.977E-01  0.000E+00
                                          4      1.003  3.106E-01  3.106E-01  0.000E+00
                                          2      1.621  4.917E-01  4.917E-01  0.000E+00
 16   1.890200   6.0  1   0.00E+00  2 0                    6(+)  0                      
                                          9      0.545  7.563E-01  7.623E-01  7.880E-03
                                          8      0.558  2.377E-01  2.377E-01  0.000E+00
 17   1.936260   1.0  0   0.00E+00  3 1                     1,3  0                      
                                          6      0.700  2.927E-01  2.927E-01  0.000E+00
                                          4      1.063  2.195E-01  2.195E-01  0.000E+00
                                          2      1.680  4.878E-01  4.878E-01  0.000E+00
 18   1.938840   5.0 -1   0.00E+00  2 0                      5-  0                      
                                          8      0.606  1.704E-01  1.708E-01  2.120E-03
                                          3      1.228  8.288E-01  8.292E-01  5.300E-04
 19   2.018260   2.0  1   0.00E+00  4 1                 2+,3,4+  0                      
                                          9      0.673  5.482E-02  5.482E-02  0.000E+00
                                          4      1.145  3.448E-02  3.448E-02  0.000E+00
                                          3      1.307  1.857E-01  1.857E-01  0.000E+00
                                          2      1.762  7.250E-01  7.250E-01  0.000E+00
 20   2.029780   0.0  1   0.00E+00  1 0                    0(+)  0                      
                                          2      1.774  1.000E+00  1.000E+00  0.000E+00
 21   2.056020   4.0 -1   0.00E+00  4 0                      4-  0                      
                                         18      0.117  2.138E-02  2.138E-02  0.000E+00
                                         11      0.313  4.082E-01  4.246E-01  4.020E-02
                                          6      0.820  3.305E-02  3.305E-02  0.000E+00
                                          3      1.345  5.210E-01  5.210E-01  0.000E+00
 22   2.100280  -1.0  0   0.00E+00  2 0                          0                      
                                         12      0.346  1.768E-01  1.768E-01  0.000E+00
                                          2      1.844  8.232E-01  8.232E-01  0.000E+00
 23   2.103430  -1.0  0   0.00E+00  2 0                          0                      
                                          9      0.758  3.964E-01  3.964E-01  0.000E+00
                                          3      1.392  6.036E-01  6.036E-01  0.000E+00
 24   2.117190  -1.0  0   0.00E+00  3 0                          0                      
                                          9      0.772  3.148E-01  3.148E-01  0.000E+00
                                          6      0.881  4.722E-01  4.722E-01  0.000E+00
                                          3      1.406  2.129E-01  2.129E-01  0.000E+00
 25   2.179100   2.0  1   0.00E+00  3 1                 2+,3,4+  0                      
                                          4      1.306  1.926E-01  1.926E-01  0.000E+00
                                          3      1.468  2.011E-01  2.011E-01  0.000E+00
                                          2      1.923  6.063E-01  6.063E-01  0.000E+00
 26   2.247550   3.0 -1   0.00E+00  3 1                   3-,5-  0                      
                                         11      0.505  3.622E-01  3.663E-01  1.120E-02
                                          9      0.902  5.033E-02  5.033E-02  0.000E+00
                                          3      1.536  5.834E-01  5.834E-01  0.000E+00
 27   2.255120   5.0  0   0.00E+00  3 0                       5  0                      
                                         18      0.316  1.075E-01  1.075E-01  0.000E+00
                                          9      0.910  8.413E-01  8.413E-01  0.000E+00
                                          8      0.923  5.117E-02  5.117E-02  0.000E+00
 28   2.303200   7.0 -1   0.00E+00  1 0                      7-  0                      
                                          8      0.971  1.000E+00  1.000E+00  0.000E+00
 29   2.378840  -1.0  0   0.00E+00  1 0                          0                      
                                          3      1.668  1.000E+00  1.000E+00  0.000E+00
 30   2.385940  -1.0  0   0.00E+00  1 0                          0                      
                                          3      1.675  1.000E+00  1.000E+00  0.000E+00
 31   2.399000   2.0  1   0.00E+00  2 1                 2+,3,4+  0                      
                                          3      1.688  3.750E-01  3.750E-01  0.000E+00
                                          2      2.143  6.250E-01  6.250E-01  0.000E+00
 32   2.407930   6.0 -1   0.00E+00  2 0                    6(-)  0                      
                                         21      0.352  4.820E-01  4.820E-01  0.000E+00
                                         18      0.469  5.180E-01  5.180E-01  0.000E+00
 33   2.459110  -1.0  0   0.00E+00  3 0                          0                      
                                         18      0.520  5.230E-01  5.230E-01  0.000E+00
                                          8      1.127  5.106E-02  5.106E-02  0.000E+00
                                          3      1.748  4.259E-01  4.259E-01  0.000E+00
 34   2.499130   3.0 -1   0.00E+00  6 1                   3-,4+  0                      
                                         18      0.560  2.876E-02  2.876E-02  0.000E+00
                                         11      0.757  2.934E-01  2.934E-01  0.000E+00
                                          7      1.203  2.128E-01  2.128E-01  0.000E+00
                                          6      1.263  2.962E-01  2.962E-01  0.000E+00
                                          4      1.626  5.867E-02  5.867E-02  0.000E+00
                                          3      1.788  1.102E-01  1.102E-01  0.000E+00
 35   2.512260   4.0  1   0.00E+00  4 1                 4+,5,6+  0                      
                                         18      0.574  1.785E-01  1.785E-01  0.000E+00
                                          9      1.167  8.796E-02  8.796E-02  0.000E+00
                                          8      1.180  3.895E-02  3.895E-02  0.000E+00
                                          3      1.801  6.946E-01  6.946E-01  0.000E+00
 36   2.566310   4.0  1   0.00E+00  3 1               4(+),5,6+  0                      
                                         18      0.628  2.963E-01  2.963E-01  0.000E+00
                                         16      0.676  2.131E-01  2.131E-01  0.000E+00
                                          9      1.221  4.906E-01  4.906E-01  0.000E+00
 37   2.576770   3.0  0   0.00E+00  5 1                     3,4  0                      
                                         21      0.521  8.788E-02  8.788E-02  0.000E+00
                                         11      0.834  1.660E-01  1.660E-01  0.000E+00
                                          9      1.231  8.326E-02  8.326E-02  0.000E+00
                                          6      1.341  5.504E-01  5.504E-01  0.000E+00
                                          3      1.866  1.124E-01  1.124E-01  0.000E+00
 38   2.605520  -1.0  0   0.00E+00  2 0                          0                      
                                          3      1.894  4.386E-01  4.386E-01  0.000E+00
                                          2      2.350  5.614E-01  5.614E-01  0.000E+00
 39   2.657390   2.0  1   0.00E+00  2 1                 2+,3,4+  0                      
                                          3      1.946  1.432E-01  1.432E-01  0.000E+00
                                          2      2.401  8.568E-01  8.568E-01  0.000E+00
 40   2.684310   4.0  0   0.00E+00  6 0                     (4)  0                      
                                         21      0.628  4.171E-01  4.171E-01  0.000E+00
                                         18      0.746  6.024E-02  6.024E-02  0.000E+00
                                         13      0.876  4.866E-02  4.866E-02  0.000E+00
                                         11      0.942  5.167E-02  5.167E-02  0.000E+00
                                          6      1.448  2.185E-01  2.185E-01  0.000E+00
                                          3      1.973  2.039E-01  2.039E-01  0.000E+00
 41   2.716210   4.0  1   0.00E+00  2 1                 4+,5,6+  0                      
                                          8      1.384  1.875E-01  1.875E-01  0.000E+00
                                          3      2.005  8.125E-01  8.125E-01  0.000E+00
 42   2.732550   3.0 -1   0.00E+00  5 1                 3-,4,5+  0                      
                                         21      0.676  2.380E-01  2.380E-01  0.000E+00
                                         18      0.794  1.485E-01  1.485E-01  0.000E+00
                                          9      1.387  1.571E-01  1.571E-01  0.000E+00
                                          6      1.496  2.761E-01  2.761E-01  0.000E+00
                                          3      2.022  1.804E-01  1.804E-01  0.000E+00
 43   2.748570   4.0  1   0.00E+00  4 1               4(+),5,6+  0                      
                                         18      0.810  3.030E-01  3.030E-01  0.000E+00
                                         16      0.858  2.247E-01  2.247E-01  0.000E+00
                                          9      1.403  3.488E-01  3.488E-01  0.000E+00
                                          3      2.038  1.235E-01  1.235E-01  0.000E+00
 44   2.872060   2.0  0   0.00E+00  2 1                   2,3,4  0                      
                                         11      1.129  7.763E-01  7.763E-01  0.000E+00
                                          6      1.636  2.237E-01  2.237E-01  0.000E+00
 45   2.953670   2.0  1   0.00E+00  5 1                 2+,3,4+  0                      
                                         25      0.775  6.360E-02  6.360E-02  0.000E+00
                                         11      1.211  3.412E-01  3.412E-01  0.000E+00
                                          7      1.658  6.194E-02  6.194E-02  0.000E+00
                                          3      2.243  2.219E-01  2.219E-01  0.000E+00
                                          2      2.698  3.114E-01  3.114E-01  0.000E+00
 46   3.107900   2.0  1   0.00E+00  2 1                 2+,3,4+  0                      
                                          3      2.397  5.181E-01  5.181E-01  0.000E+00
                                          2      2.852  4.819E-01  4.819E-01  0.000E+00
 47   3.185600   2.0  1   0.00E+00  2 1                 2+,3,4+  0                      
                                          3      2.474  4.735E-01  4.735E-01  0.000E+00
                                          2      2.930  5.265E-01  5.265E-01  0.000E+00
 48   3.402900   2.0  1   0.00E+00  2 1                 2+,3,4+  0                      
                                          3      2.692  5.305E-01  5.305E-01  0.000E+00
                                          2      3.147  4.695E-01  4.695E-01  0.000E+00
 49   3.484700   2.0  1   0.00E+00  2 1                 2+,3,4+  0                      
                                          3      2.773  8.162E-01  8.162E-01  0.000E+00
                                          2      3.229  1.838E-01  1.838E-01  0.000E+00
 50   3.703700   2.0  1   0.00E+00  2 1                 2+,3,4+  0                      
                                          3      2.993  3.032E-01  3.032E-01  0.000E+00
                                          2      3.448  6.968E-01  6.968E-01  0.000E+00
 51   3.758700  -1.0  0   0.00E+00  1 0                          0                      
                                         21      1.703  1.000E+00  1.000E+00  0.000E+00
