144Sm  144   62    4    5    3    4   10.519809    6.293933
  1   0.000000   0.0  1  -1.00E+00  0 0                      0+  0                      
  2   1.660100   2.0  1   0.00E+00  1 0                      2+  0                      
                                          1      1.660  1.000E+00  1.000E+00  0.000E+00
  3   2.423300   2.0  1   0.00E+00  2 0                      2+  0                      
                                          2      0.763  4.489E-02  4.489E-02  0.000E+00
                                          1      2.423  9.551E-01  9.551E-01  0.000E+00
  4   2.477800   0.0  1   0.00E+00  2 0                      0+  0                      
                                          2      0.818  1.000E+00  1.000E+00  0.000E+00
                                          1      2.478  0.000E+00  0.000E+00  0.000E+00
