138Eu  138   63    8    8    7    0    9.675090    1.046991
  1   0.000000  -1.0  0  -1.00E+00  0 0                          0                      
  2   0.064700  -1.0  0   0.00E+00  1 0                          0                      
                                          1      0.065  0.000E+00  0.000E+00  0.000E+00
  3   0.293000  -1.0  0   0.00E+00  1 0                          0                      
                                          2      0.228  0.000E+00  0.000E+00  0.000E+00
  4   0.297500  -1.0  0   0.00E+00  1 0                          0                      
                                          2      0.233  0.000E+00  0.000E+00  0.000E+00
  5   0.310700  -1.0  0   0.00E+00  1 0                          0                      
                                          2      0.246  0.000E+00  0.000E+00  0.000E+00
  6   0.356400  -1.0  0   0.00E+00  1 0                          0                      
                                          2      0.292  0.000E+00  0.000E+00  0.000E+00
  7   0.376000  -1.0  0   0.00E+00  1 0                          0                      
                                          2      0.311  0.000E+00  0.000E+00  0.000E+00
  8   0.584800  -1.0  0   0.00E+00  2 0                          0                      
                                          6      0.228  0.000E+00  0.000E+00  0.000E+00
                                          2      0.520  0.000E+00  0.000E+00  0.000E+00
