139Eu  139   63    9    9    8    0   11.719694    1.189250
  1   0.000000   5.5 -1   1.79E+01  0 0                 (11/2)-  0                      
  2   0.115940   6.5 -1   0.00E+00  1 0                 (13/2-)  0                      
                                          1      0.116  0.000E+00  0.000E+00  1.320E+00
  3   0.206400  -1.0  0   0.00E+00  1 0                          0                      
                                          2      0.090  0.000E+00  0.000E+00  0.000E+00
  4   0.280700  -1.0  0   0.00E+00  1 0                          0                      
                                          3      0.074  0.000E+00  0.000E+00  0.000E+00
  5   0.319300  -1.0  0   0.00E+00  1 0                          0                      
                                          2      0.203  0.000E+00  0.000E+00  0.000E+00
  6   0.322200   7.5 -1   0.00E+00  1 0                 (15/2-)  0                      
                                          1      0.323  0.000E+00  0.000E+00  4.660E-02
  7   0.406400  -1.0  0   0.00E+00  1 0                          0                      
                                          3      0.200  0.000E+00  0.000E+00  0.000E+00
  8   0.426000   6.5 -1   0.00E+00  2 0                 (13/2-)  0                      
                                          6      0.104  0.000E+00  0.000E+00  1.870E+00
                                          2      0.310  0.000E+00  0.000E+00  6.700E-02
  9   0.587800  -1.0  0   0.00E+00  1 0                          0                      
                                          2      0.472  0.000E+00  0.000E+00  0.000E+00
