147Tb  147   65   36   26   25    0   11.050348    1.945821
  1   0.000000   0.5  1   5.90E+03  0 0                  (1/2+)  1 =    100.0000 %EC+%B+
  2   0.050600   5.5 -1   1.10E+02  0 0                 (11/2-)  1 =    100.0000 %EC+%B+
  3   0.253400   1.5  1   0.00E+00  1 0                  (3/2+)  0                      
                                          1      0.253  8.595E-01  1.000E+00  1.635E-01
  4   0.354500   2.5  1   0.00E+00  1 0                  (5/2+)  0                      
                                          3      0.101  3.195E-01  1.000E+00  2.130E+00
  5   0.719300   3.5  1   0.00E+00  1 0                  (7/2+)  0                      
                                          4      0.365  9.416E-01  1.000E+00  6.200E-02
  6   1.316400   7.5  1   0.00E+00  1 0                 (15/2+)  0                      
                                          2      1.266  9.949E-01  1.000E+00  5.100E-03
  7   1.438600   4.5  1   0.00E+00  1 1      (9/2+,11/2+,15/2+)  0                      
                                          2      1.388  9.992E-01  1.000E+00  7.860E-04
  8   1.487400   4.5  1   0.00E+00  1 0                  (9/2+)  0                      
                                          2      1.437  9.992E-01  1.000E+00  7.810E-04
  9   1.601400   6.5  1   0.00E+00  1 0                 (13/2+)  0                      
                                          2      1.551  9.992E-01  1.000E+00  7.870E-04
 10   1.715700  -1.0  0   0.00E+00  1 0                          0                      
                                          2      1.665  1.000E+00  1.000E+00  0.000E+00
 11   1.775900  -1.0 -1   0.00E+00  1 0                     (-)  0                      
                                          2      1.725  9.986E-01  1.000E+00  1.360E-03
 12   1.987300   7.5 -1   0.00E+00  1 0                 (15/2-)  0                      
                                          2      1.937  1.000E+00  1.000E+00  0.000E+00
 13   2.020300  -1.0  0   0.00E+00  1 0                          0                      
                                          2      1.970  1.000E+00  1.000E+00  0.000E+00
 14   2.045300   3.5 -1   0.00E+00  1 1        (7/2-,9/2,11/2+)  0                      
                                          2      1.995  1.000E+00  1.000E+00  0.000E+00
 15   2.089000   8.5  1   0.00E+00  0 0                 (17/2+)  0                      
 16   2.157200  -1.0  0   0.00E+00  1 0                          0                      
                                          2      2.107  1.000E+00  1.000E+00  0.000E+00
 17   2.235200  -1.0  0   0.00E+00  1 0                          0                      
                                          2      2.185  1.000E+00  1.000E+00  0.000E+00
 18   2.320300  -1.0  0   0.00E+00  1 0                          0                      
                                          2      2.270  1.000E+00  1.000E+00  0.000E+00
 19   2.400800  -1.0  0   0.00E+00  1 0                          0                      
                                          2      2.350  1.000E+00  1.000E+00  0.000E+00
 20   2.485800  -1.0  0   0.00E+00  1 0                          0                      
                                          2      2.435  1.000E+00  1.000E+00  0.000E+00
 21   2.636000  -1.0  0   0.00E+00  0 0                          0                      
 22   2.672000  -1.0  0   0.00E+00  0 0                          0                      
 23   2.703900  -1.0  0   0.00E+00  1 0                          0                      
                                          2      2.653  1.000E+00  1.000E+00  0.000E+00
 24   2.814600  -1.0  0   0.00E+00  1 0                          0                      
                                          2      2.764  1.000E+00  1.000E+00  0.000E+00
 25   3.142000  -1.0  0   0.00E+00  0 0                          0                      
 26   4.108000  -1.0  0   0.00E+00  0 0                          0                      
 27   4.641000  -1.0  0   0.00E+00  0 0                          0                      
 28   4.669500  -1.0  0   0.00E+00  1 0                          0                      
                                          2      4.619  1.000E+00  1.000E+00  0.000E+00
 29   4.702600  -1.0  0   0.00E+00  1 0                          0                      
                                          2      4.652  1.000E+00  1.000E+00  0.000E+00
 30   4.741200  -1.0  0   0.00E+00  1 0                          0                      
                                          2      4.691  1.000E+00  1.000E+00  0.000E+00
 31   4.754500  -1.0  0   0.00E+00  1 0                          0                      
                                          2      4.704  1.000E+00  1.000E+00  0.000E+00
 32   4.769800  -1.0  0   0.00E+00  1 0                          0                      
                                          2      4.719  1.000E+00  1.000E+00  0.000E+00
 33   4.815600  -1.0  0   0.00E+00  0 0                          0                      
 34   4.827500  -1.0  0   0.00E+00  2 0                          0                      
                                         11      3.051  3.250E-01  3.250E-01  0.000E+00
                                          2      4.777  6.750E-01  6.750E-01  0.000E+00
 35   4.841600  -1.0  0   0.00E+00  0 0                          0                      
 36   5.080600  -1.0  0   0.00E+00  0 0                          0                      
