149Dy  149   66  164   57   33    1    7.905912    4.446015
  1   0.000000   3.5 -1   2.52E+02  0 0                    7/2-  0                      
  2   0.855000  -1.0  0   0.00E+00  0 0                          0                      
  3   0.884000  -1.0  0   0.00E+00  0 0                          0                      
  4   0.912000  -1.0  0   0.00E+00  0 0                          0                      
  5   0.941000  -1.0  0   0.00E+00  0 0                          0                      
  6   0.969000  -1.0  0   0.00E+00  0 0                          0                      
  7   1.073310   6.5  1   0.00E+00  1 0                 (13/2)+  0                      
                                          1      1.073  9.945E-01  1.000E+00  5.570E-03
  8   1.090740   4.5 -1   0.00E+00  1 0                  (9/2-)  0                      
                                          1      1.090  1.000E+00  1.000E+00  0.000E+00
  9   1.197000  -1.0  0   0.00E+00  0 0                          0                      
 10   1.226000  -1.0  0   0.00E+00  0 0                          0                      
 11   1.254000  -1.0  0   0.00E+00  0 0                          0                      
 12   1.283000  -1.0  0   0.00E+00  0 0                          0                      
 13   1.311000  -1.0  0   0.00E+00  0 0                          0                      
 14   1.340000  -1.0  0   0.00E+00  0 0                          0                      
 15   1.368000  -1.0  0   0.00E+00  0 0                          0                      
 16   1.397000  -1.0  0   0.00E+00  0 0                          0                      
 17   1.425000  -1.0  0   0.00E+00  0 0                          0                      
 18   1.454000  -1.0  0   0.00E+00  0 0                          0                      
 19   1.482000  -1.0  0   0.00E+00  0 0                          0                      
 20   1.511000  -1.0  0   0.00E+00  0 0                          0                      
 21   1.539000  -1.0  0   0.00E+00  0 0                          0                      
 22   1.583600   5.5 -1   0.00E+00  2 0                 (11/2-)  0                      
                                          7      0.511  1.040E-01  1.040E-01  0.000E+00
                                          1      1.584  8.960E-01  8.960E-01  0.000E+00
 23   1.663450   4.5  1   0.00E+00  2 0                  (9/2+)  0                      
                                          7      0.590  1.131E-01  1.131E-01  0.000E+00
                                          1      1.663  8.869E-01  8.869E-01  0.000E+00
 24   1.703730   5.5  1   0.00E+00  2 0                 (11/2)+  0                      
                                          8      0.613  1.528E-01  1.528E-01  0.000E+00
                                          7      0.630  8.363E-01  8.472E-01  1.310E-02
 25   1.712800   4.5 -1   0.00E+00  1 0                  (9/2-)  0                      
                                          1      1.713  1.000E+00  1.000E+00  0.000E+00
 26   1.738000  -1.0  0   0.00E+00  0 0                          0                      
 27   1.782210   3.5  1   0.00E+00  1 0                  (7/2+)  0                      
                                          1      1.782  1.000E+00  1.000E+00  0.000E+00
 28   1.795000  -1.0  0   0.00E+00  0 0                          0                      
 29   1.824000  -1.0  0   0.00E+00  0 0                          0                      
 30   1.853000  -1.0  0   0.00E+00  0 0                          0                      
 31   1.881000  -1.0  0   0.00E+00  0 0                          0                      
 32   1.910000  -1.0  0   0.00E+00  0 0                          0                      
 33   1.938000  -1.0  0   0.00E+00  0 0                          0                      
 34   1.967000  -1.0  0   0.00E+00  0 0                          0                      
 35   1.995000  -1.0  0   0.00E+00  0 0                          0                      
 36   2.023000  -1.0  0   0.00E+00  0 0                          0                      
 37   2.052000  -1.0  0   0.00E+00  0 0                          0                      
 38   2.081000  -1.0  0   0.00E+00  0 0                          0                      
 39   2.109000  -1.0  0   0.00E+00  0 0                          0                      
 40   2.138000  -1.0  0   0.00E+00  0 0                          0                      
 41   2.165860   4.5  1   0.00E+00  2 1        (9/2,11/2,13/2)+  0                      
                                         24      0.462  5.259E-01  5.427E-01  3.200E-02
                                          7      1.093  4.573E-01  4.573E-01  0.000E+00
 42   2.223000  -1.0  0   0.00E+00  0 0                          0                      
 43   2.252000  -1.0  0   0.00E+00  0 0                          0                      
 44   2.291810   5.5 -1   0.00E+00  1 1           (11/2-,13/2-)  0                      
                                          7      1.218  1.000E+00  1.000E+00  0.000E+00
 45   2.312220   4.5 -1   0.00E+00  1 1            (9/2-,11/2-)  0                      
                                          1      2.312  1.000E+00  1.000E+00  0.000E+00
 46   2.321190   4.5 -1   0.00E+00  2 1            (9/2-,11/2-)  0                      
                                          8      1.230  2.114E-01  2.114E-01  0.000E+00
                                          1      2.321  7.886E-01  7.886E-01  0.000E+00
 47   2.358000   4.5 -1   0.00E+00  1 1            (9/2-,11/2-)  0                      
                                         23      0.695  1.000E+00  1.000E+00  0.000E+00
 48   2.402510   5.5 -1   0.00E+00  1 1           (11/2-,13/2-)  0                      
                                          7      1.329  1.000E+00  1.000E+00  0.000E+00
 49   2.409180   4.5 -1   0.00E+00  2 1            (9/2-,11/2-)  0                      
                                          8      1.319  7.692E-01  7.692E-01  0.000E+00
                                          1      2.409  2.308E-01  2.308E-01  0.000E+00
 50   2.466240   4.5 -1   0.00E+00  2 1            (9/2-,11/2-)  0                      
                                          8      1.375  8.713E-01  8.713E-01  0.000E+00
                                          1      2.467  1.287E-01  1.287E-01  0.000E+00
 51   2.487240   4.5 -1   0.00E+00  2 1            (9/2-,11/2-)  0                      
                                          8      1.397  4.122E-01  4.122E-01  0.000E+00
                                          1      2.487  5.878E-01  5.878E-01  0.000E+00
 52   2.537000  -1.0  0   0.00E+00  0 0                          0                      
 53   2.565000  -1.0  0   0.00E+00  0 0                          0                      
 54   2.594000  -1.0  0   0.00E+00  0 0                          0                      
 55   2.607100   5.5 -1   0.00E+00  2 0                 (11/2-)  0                      
                                          7      1.534  2.206E-01  2.206E-01  0.000E+00
                                          1      2.607  7.794E-01  7.794E-01  0.000E+00
 56   2.651000  -1.0  0   0.00E+00  0 0                          0                      
 57   2.679000  -1.0  0   0.00E+00  0 0                          0                      
 58   2.718500   4.5 -1   0.00E+00  1 1            (9/2-,11/2-)  0                      
                                          1      2.719  1.000E+00  1.000E+00  0.000E+00
 59   2.728650   4.5 -1   0.00E+00  1 1      (9/2-,11/2-,13/2-)  0                      
                                          8      1.638  1.000E+00  1.000E+00  0.000E+00
 60   2.789180   4.5 -1   0.00E+00  2 1            (9/2-,11/2-)  0                      
                                         23      1.126  5.721E-01  5.721E-01  0.000E+00
                                          8      1.698  4.279E-01  4.279E-01  0.000E+00
 61   2.827340   5.5 -1   0.00E+00  4 0                 (11/2-)  0                      
                                         25      1.115  4.624E-02  4.624E-02  0.000E+00
                                          8      1.737  5.491E-01  5.491E-01  0.000E+00
                                          7      1.753  8.671E-02  8.671E-02  0.000E+00
                                          1      2.827  3.179E-01  3.179E-01  0.000E+00
 62   2.882830   5.5 -1   0.00E+00  2 1           (11/2-,13/2-)  0                      
                                          8      1.792  3.680E-01  3.680E-01  0.000E+00
                                          7      1.810  6.320E-01  6.320E-01  0.000E+00
 63   2.907000  -1.0  0   0.00E+00  0 0                          0                      
 64   2.936000  -1.0  0   0.00E+00  0 0                          0                      
 65   2.964000  -1.0  0   0.00E+00  0 0                          0                      
 66   2.980410   4.5 -1   0.00E+00  2 1            (9/2-,11/2-)  0                      
                                          8      1.890  4.304E-01  4.304E-01  0.000E+00
                                          1      2.980  5.696E-01  5.696E-01  0.000E+00
 67   3.014200   4.5 -1   0.00E+00  1 1            (9/2-,11/2-)  0                      
                                          1      3.014  1.000E+00  1.000E+00  0.000E+00
 68   3.049600   4.5 -1   0.00E+00  1 1      (9/2-,11/2-,13/2-)  0                      
                                          8      1.959  1.000E+00  1.000E+00  0.000E+00
 69   3.079130   5.5 -1   0.00E+00  5 0                 (11/2-)  0                      
                                         23      1.416  1.060E-01  1.060E-01  0.000E+00
                                         22      1.496  3.300E-01  3.300E-01  0.000E+00
                                          8      1.988  3.940E-01  3.940E-01  0.000E+00
                                          7      2.006  4.600E-02  4.600E-02  0.000E+00
                                          1      3.079  1.240E-01  1.240E-01  0.000E+00
 70   3.129520   5.5 -1   0.00E+00  3 0                 (11/2-)  0                      
                                         22      1.546  6.716E-01  6.716E-01  0.000E+00
                                          7      2.056  1.418E-01  1.418E-01  0.000E+00
                                          1      3.130  1.866E-01  1.866E-01  0.000E+00
 71   3.180050   4.5 -1   0.00E+00  1 1      (9/2-,11/2-,13/2-)  0                      
                                          8      2.089  1.000E+00  1.000E+00  0.000E+00
 72   3.202550   4.5 -1   0.00E+00  2 1            (9/2-,11/2-)  0                      
                                          8      2.112  6.341E-01  6.341E-01  0.000E+00
                                          1      3.203  3.659E-01  3.659E-01  0.000E+00
 73   3.249000  -1.0  0   0.00E+00  0 0                          0                      
 74   3.277000  -1.0  0   0.00E+00  0 0                          0                      
 75   3.312520   4.5 -1   0.00E+00  2 1      (9/2-,11/2-,13/2-)  0                      
                                         22      1.729  5.062E-01  5.062E-01  0.000E+00
                                          8      2.221  4.938E-01  4.938E-01  0.000E+00
 76   3.348660   4.5 -1   0.00E+00  1 1      (9/2-,11/2-,13/2-)  0                      
                                          8      2.258  1.000E+00  1.000E+00  0.000E+00
 77   3.362800   4.5 -1   0.00E+00  1 1            (9/2-,11/2-)  0                      
                                          1      3.363  1.000E+00  1.000E+00  0.000E+00
 78   3.392000  -1.0  0   0.00E+00  0 0                          0                      
 79   3.420000  -1.0  0   0.00E+00  0 0                          0                      
 80   3.449000  -1.0  0   0.00E+00  0 0                          0                      
 81   3.490420   4.5 -1   0.00E+00  2 1            (9/2-,11/2-)  0                      
                                          8      2.400  5.571E-01  5.571E-01  0.000E+00
                                          1      3.490  4.429E-01  4.429E-01  0.000E+00
 82   3.534000  -1.0  0   0.00E+00  0 0                          0                      
 83   3.563000  -1.0  0   0.00E+00  0 0                          0                      
 84   3.591000  -1.0  0   0.00E+00  0 0                          0                      
 85   3.620000  -1.0  0   0.00E+00  0 0                          0                      
 86   3.648000  -1.0  0   0.00E+00  0 0                          0                      
 87   3.677000  -1.0  0   0.00E+00  0 0                          0                      
 88   3.705000  -1.0  0   0.00E+00  0 0                          0                      
 89   3.734000  -1.0  0   0.00E+00  0 0                          0                      
 90   3.762000  -1.0  0   0.00E+00  0 0                          0                      
 91   3.791000  -1.0  0   0.00E+00  0 0                          0                      
 92   3.819000  -1.0  0   0.00E+00  0 0                          0                      
 93   3.848000  -1.0  0   0.00E+00  0 0                          0                      
 94   3.876000  -1.0  0   0.00E+00  0 0                          0                      
 95   3.905000  -1.0  0   0.00E+00  0 0                          0                      
 96   3.933000  -1.0  0   0.00E+00  0 0                          0                      
 97   3.962000  -1.0  0   0.00E+00  0 0                          0                      
 98   3.990000  -1.0  0   0.00E+00  0 0                          0                      
 99   4.019000  -1.0  0   0.00E+00  0 0                          0                      
100   4.047000  -1.0  0   0.00E+00  0 0                          0                      
101   4.076000  -1.0  0   0.00E+00  0 0                          0                      
102   4.104000  -1.0  0   0.00E+00  0 0                          0                      
103   4.133000  -1.0  0   0.00E+00  0 0                          0                      
104   4.161000  -1.0  0   0.00E+00  0 0                          0                      
105   4.190000  -1.0  0   0.00E+00  0 0                          0                      
106   4.218000  -1.0  0   0.00E+00  0 0                          0                      
107   4.247000  -1.0  0   0.00E+00  0 0                          0                      
108   4.275000  -1.0  0   0.00E+00  0 0                          0                      
109   4.304000  -1.0  0   0.00E+00  0 0                          0                      
110   4.332000  -1.0  0   0.00E+00  0 0                          0                      
111   4.361000  -1.0  0   0.00E+00  0 0                          0                      
112   4.389000  -1.0  0   0.00E+00  0 0                          0                      
113   4.418000  -1.0  0   0.00E+00  0 0                          0                      
114   4.446000  -1.0  0   0.00E+00  0 0                          0                      
115   4.475000  -1.0  0   0.00E+00  0 0                          0                      
116   4.503000  -1.0  0   0.00E+00  0 0                          0                      
117   4.532000  -1.0  0   0.00E+00  0 0                          0                      
118   4.560000  -1.0  0   0.00E+00  0 0                          0                      
119   4.589000  -1.0  0   0.00E+00  0 0                          0                      
120   4.617000  -1.0  0   0.00E+00  0 0                          0                      
121   4.646000  -1.0  0   0.00E+00  0 0                          0                      
122   4.674000  -1.0  0   0.00E+00  0 0                          0                      
123   4.703000  -1.0  0   0.00E+00  0 0                          0                      
124   4.731000  -1.0  0   0.00E+00  0 0                          0                      
125   4.760000  -1.0  0   0.00E+00  0 0                          0                      
126   4.788000  -1.0  0   0.00E+00  0 0                          0                      
127   4.817000  -1.0  0   0.00E+00  0 0                          0                      
128   4.845000  -1.0  0   0.00E+00  0 0                          0                      
129   4.874000  -1.0  0   0.00E+00  0 0                          0                      
130   4.902000  -1.0  0   0.00E+00  0 0                          0                      
131   4.931000  -1.0  0   0.00E+00  0 0                          0                      
132   4.959000  -1.0  0   0.00E+00  0 0                          0                      
133   4.988000  -1.0  0   0.00E+00  0 0                          0                      
134   5.016000  -1.0  0   0.00E+00  0 0                          0                      
135   5.045000  -1.0  0   0.00E+00  0 0                          0                      
136   5.073000  -1.0  0   0.00E+00  0 0                          0                      
137   5.102000  -1.0  0   0.00E+00  0 0                          0                      
138   5.130000  -1.0  0   0.00E+00  0 0                          0                      
139   5.159000  -1.0  0   0.00E+00  0 0                          0                      
140   5.187000  -1.0  0   0.00E+00  0 0                          0                      
141   5.216000  -1.0  0   0.00E+00  0 0                          0                      
142   5.244000  -1.0  0   0.00E+00  0 0                          0                      
143   5.273000  -1.0  0   0.00E+00  0 0                          0                      
144   5.301000  -1.0  0   0.00E+00  0 0                          0                      
145   5.330000  -1.0  0   0.00E+00  0 0                          0                      
146   5.358000  -1.0  0   0.00E+00  0 0                          0                      
147   5.387000  -1.0  0   0.00E+00  0 0                          0                      
148   5.415000  -1.0  0   0.00E+00  0 0                          0                      
149   5.444000  -1.0  0   0.00E+00  0 0                          0                      
150   5.472000  -1.0  0   0.00E+00  0 0                          0                      
151   5.501000  -1.0  0   0.00E+00  0 0                          0                      
152   5.529000  -1.0  0   0.00E+00  0 0                          0                      
153   5.558000  -1.0  0   0.00E+00  0 0                          0                      
154   5.586000  -1.0  0   0.00E+00  0 0                          0                      
155   5.615000  -1.0  0   0.00E+00  0 0                          0                      
156   5.643000  -1.0  0   0.00E+00  0 0                          0                      
157   5.672000  -1.0  0   0.00E+00  0 0                          0                      
158   5.700000  -1.0  0   0.00E+00  0 0                          0                      
159   5.729000  -1.0  0   0.00E+00  0 0                          0                      
160   5.757000  -1.0  0   0.00E+00  0 0                          0                      
161   5.786000  -1.0  0   0.00E+00  0 0                          0                      
162   5.814000  -1.0  0   0.00E+00  0 0                          0                      
163   5.843000  -1.0  0   0.00E+00  0 0                          0                      
164   5.871000  -1.0  0   0.00E+00  0 0                          0                      
