145Dy  145   66   11   13    9    2    9.743834    3.163391
  1   0.000000   0.5  1  -1.00E+00  0 0                    1/2+  0                      
  2   0.066300   1.5  1   0.00E+00  1 0                    3/2+  0                      
                                          1      0.066  1.133E-01  1.000E+00  7.830E+00
  3   0.118200   5.5 -1   0.00E+00  0 0                   11/2-  0                      
  4   0.406100   2.5  1   0.00E+00  1 0                    5/2+  0                      
                                          2      0.340  1.000E+00  1.000E+00  0.000E+00
  5   0.431100   4.5 -1   0.00E+00  1 0                  (9/2-)  0                      
                                          3      0.313  1.000E+00  1.000E+00  0.000E+00
  6   0.681500   7.5 -1   0.00E+00  1 0                 (15/2-)  0                      
                                          3      0.563  1.000E+00  1.000E+00  0.000E+00
  7   0.740200   3.5 -1   0.00E+00  3 0                  (7/2-)  0                      
                                          5      0.309  1.923E-01  1.923E-01  0.000E+00
                                          4      0.334  6.923E-01  6.923E-01  0.000E+00
                                          3      0.622  1.154E-01  1.154E-01  0.000E+00
  8   0.818700   6.5 -1   0.00E+00  2 0                 (13/2-)  0                      
                                          5      0.388  4.286E-01  4.286E-01  0.000E+00
                                          3      0.701  5.714E-01  5.714E-01  0.000E+00
  9   1.142000   4.5 -1   0.00E+00  1 0                  (9/2-)  0                      
                                          7      0.402  1.000E+00  1.000E+00  0.000E+00
 10   1.283400  -1.0  0   0.00E+00  2 0                          0                      
                                          7      0.543  8.000E-01  8.000E-01  0.000E+00
                                          5      0.852  2.000E-01  2.000E-01  0.000E+00
 11   1.640300  -1.0  0   0.00E+00  1 0                          0                      
                                          9      0.498  1.000E+00  1.000E+00  0.000E+00
