156Ho  156   67   12   14   10    6    7.569922    3.671435
  1   0.000000   4.0 -1   3.36E+03  0 0                      4-  0                      
  2   0.052370   1.0 -1   9.50E+00  1 0                      1-  0                      
                                          1      0.052  2.398E-04  1.000E+00  4.170E+03
  3   0.082230   2.0 -1   1.38E-09  2 0                      2-  0                      
                                          2      0.030  6.076E-02  9.722E-01  1.500E+01
                                          1      0.082  3.984E-03  2.781E-02  5.980E+00
  4   0.091000   1.0  1   0.00E+00  1 0                      1+  0                      
                                          3      0.009  8.333E-02  1.000E+00  1.100E+01
  5   0.117580   1.0  1   5.80E-08  3 0                      1+  0                      
                                          4      0.027  9.742E-04  3.517E-02  3.510E+01
                                          3      0.035  4.871E-01  9.586E-01  9.680E-01
                                          2      0.065  3.166E-03  6.259E-03  9.770E-01
  6   0.215740   1.0 -1   0.00E+00  1 0                      1-  0                      
                                          3      0.134  4.662E-01  1.000E+00  1.145E+00
  7   0.251090  -1.0  0   0.00E+00  0 0                          0                      
  8   0.268120   1.0  0   0.00E+00  1 0                       1  0                      
                                          3      0.186  1.000E+00  1.000E+00  0.000E+00
  9   0.303520  -1.0  0   0.00E+00  1 0                          0                      
                                          3      0.221  1.000E+00  1.000E+00  0.000E+00
 10   0.434200   1.0  0   0.00E+00  1 0                       1  0                      
                                          3      0.352  1.000E+00  1.000E+00  0.000E+00
 11   0.504950  -1.0  0   0.00E+00  2 0                          0                      
                                          7      0.254  2.203E-01  2.203E-01  0.000E+00
                                          5      0.387  7.797E-01  7.797E-01  0.000E+00
 12   0.571640  -1.0  0   0.00E+00  1 0                          0                      
                                          7      0.321  1.000E+00  1.000E+00  0.000E+00
