151Ho  151   67   21   26   19    0    9.748172    1.602099
  1   0.000000   5.5 -1  -1.00E+00  0 0                 (11/2-)  0                      
  2   0.041080   0.5  1   0.00E+00  0 0                  (1/2+)  0                      
  3   0.141180   1.5  1   0.00E+00  1 0                  (3/2+)  0                      
                                          2      0.100  2.778E-01  1.000E+00  2.600E+00
  4   0.397660   2.5  1   0.00E+00  1 0                  (5/2+)  0                      
                                          3      0.257  8.425E-01  1.000E+00  1.870E-01
  5   0.638300   3.5 -1   0.00E+00  1 1             (7/2-,9/2-)  0                      
                                          1      0.638  1.000E+00  1.000E+00  0.000E+00
  6   0.667190   3.5 -1   0.00E+00  1 1             (7/2-,9/2-)  0                      
                                          1      0.667  1.000E+00  1.000E+00  0.000E+00
  7   0.700000   3.5  1   0.00E+00  2 0                  (7/2+)  0                      
                                          4      0.302  3.403E-01  3.403E-01  0.000E+00
                                          3      0.559  6.597E-01  6.597E-01  0.000E+00
  8   0.861800  -1.0  0   0.00E+00  1 0                          0                      
                                          3      0.721  1.000E+00  1.000E+00  0.000E+00
  9   0.868920  -1.0  0   0.00E+00  2 0                          0                      
                                          5      0.231  8.840E-02  8.840E-02  0.000E+00
                                          1      0.869  9.116E-01  9.116E-01  0.000E+00
 10   0.910100  -1.0  0   0.00E+00  1 0                          0                      
                                          3      0.769  1.000E+00  1.000E+00  0.000E+00
 11   0.934700  -1.0  0   0.00E+00  1 0                          0                      
                                          4      0.537  1.000E+00  1.000E+00  0.000E+00
 12   1.001690  -1.0  0   0.00E+00  1 0                          0                      
                                          3      0.861  1.000E+00  1.000E+00  0.000E+00
 13   1.129140  -1.0  0   0.00E+00  2 0                          0                      
                                          6      0.462  2.768E-01  2.768E-01  0.000E+00
                                          3      0.988  7.232E-01  7.232E-01  0.000E+00
 14   1.202200  -1.0  0   0.00E+00  1 0                          0                      
                                          3      1.061  1.000E+00  1.000E+00  0.000E+00
 15   1.279800  -1.0  0   0.00E+00  1 0                          0                      
                                          5      0.641  1.000E+00  1.000E+00  0.000E+00
 16   1.377800  -1.0  0   0.00E+00  1 0                          0                      
                                          5      0.740  1.000E+00  1.000E+00  0.000E+00
 17   1.541590  -1.0  0   0.00E+00  1 0                          0                      
                                          6      0.874  1.000E+00  1.000E+00  0.000E+00
 18   1.563320  -1.0  0   0.00E+00  2 0                          0                      
                                          9      0.694  6.180E-01  6.180E-01  0.000E+00
                                          6      0.898  3.820E-01  3.820E-01  0.000E+00
 19   1.832810   2.5 -1   0.00E+00  4 1             (5/2-,7/2-)  0                      
                                         16      0.455  9.915E-02  9.915E-02  0.000E+00
                                         15      0.553  2.940E-01  2.940E-01  0.000E+00
                                          5      1.194  3.043E-01  3.043E-01  0.000E+00
                                          4      1.435  3.026E-01  3.026E-01  0.000E+00
 20   1.860920  -1.0  0   0.00E+00  1 0                          0                      
                                          9      0.992  1.000E+00  1.000E+00  0.000E+00
 21   1.947000  -1.0  0   0.00E+00  1 0                          0                      
                                          4      1.549  1.000E+00  1.000E+00  0.000E+00
