151Er  151   68    7    6    6    0    8.506285    3.609369
  1   0.000000   3.5 -1  -1.00E+00  0 0                  (7/2-)  0                      
  2   0.984100   1.5 -1   0.00E+00  1 0                  (3/2-)  0                      
                                          1      0.984  1.000E+00  1.000E+00  0.000E+00
  3   1.206200   0.5 -1   0.00E+00  1 0                  (1/2-)  0                      
                                          2      0.222  8.065E-01  1.000E+00  2.400E-01
  4   2.032400   0.5  0   0.00E+00  1 1               (1/2,3/2)  0                      
                                          2      1.048  1.000E+00  1.000E+00  0.000E+00
  5   2.621500   0.5  1   0.00E+00  1 1             (1/2+,3/2+)  0                      
                                          2      1.637  1.000E+00  1.000E+00  0.000E+00
  6   2.966000   0.5  1   0.00E+00  1 1             (1/2+,3/2+)  0                      
                                          2      1.982  1.000E+00  1.000E+00  0.000E+00
  7   3.051000   0.5  1   0.00E+00  1 1             (1/2+,3/2+)  0                      
                                          2      2.067  1.000E+00  1.000E+00  0.000E+00
