160Er  160   68   12   14   11    4    9.574374    6.023527
  1   0.000000   0.0  1   1.03E+05  0 0                      0+  0                      
  2   0.125820   2.0  1   0.00E+00  1 0                      2+  0                      
                                          1      0.126  4.427E-01  1.000E+00  1.259E+00
  3   0.389860   4.0  1   0.00E+00  1 0                      4+  0                      
                                          2      0.264  9.071E-01  1.000E+00  1.024E-01
  4   0.765660   6.0  1   0.00E+00  1 0                      6+  0                      
                                          3      0.376  9.656E-01  1.000E+00  3.560E-02
  5   0.987250   3.0  1   0.00E+00  2 0                    (3)+  0                      
                                          3      0.598  1.939E-01  1.939E-01  0.000E+00
                                          2      0.861  8.024E-01  8.061E-01  4.600E-03
  6   1.008010   2.0  1   0.00E+00  2 0                      2+  0                      
                                          2      0.882  5.017E-01  5.369E-01  7.000E-02
                                          1      1.008  4.616E-01  4.631E-01  3.300E-03
  7   1.128560   4.0  1   0.00E+00  1 0                      4+  0                      
                                          3      0.739  9.934E-01  1.000E+00  6.600E-03
  8   1.230290   4.0  1   0.00E+00  2 0                      4+  0                      
                                          3      0.841  4.121E-01  4.253E-01  3.200E-02
                                          2      1.104  5.747E-01  5.747E-01  0.000E+00
  9   1.316560   5.0  1   0.00E+00  1 0                      5+  0                      
                                          3      0.927  9.960E-01  1.000E+00  4.050E-03
 10   1.375230   4.0  1   0.00E+00  1 0                    (4+)  0                      
                                          2      1.249  1.000E+00  1.000E+00  0.000E+00
 11   1.505700  -1.0  0   0.00E+00  1 0                          0                      
                                          3      1.116  1.000E+00  1.000E+00  0.000E+00
 12   1.576000  -1.0  0   0.00E+00  1 0                          0                      
                                          3      1.186  1.000E+00  1.000E+00  0.000E+00
