150Er  150   68   13   12   12    9   12.161020    3.474440
  1   0.000000   0.0  1   1.85E+01  0 0                      0+  0                      
  2   1.578300   2.0  1   0.00E+00  1 0                      2+  0                      
                                          1      1.578  1.000E+00  1.000E+00  0.000E+00
  3   1.785900   3.0 -1   0.00E+00  1 0                      3-  0                      
                                          1      1.786  1.000E+00  1.000E+00  0.000E+00
  4   2.260300   5.0 -1   0.00E+00  1 0                      5-  0                      
                                          3      0.474  1.000E+00  1.000E+00  0.000E+00
  5   2.294200   4.0  1   0.00E+00  1 0                      4+  0                      
                                          3      0.508  9.931E-01  1.000E+00  6.920E-03
  6   2.620700   6.0  1   0.00E+00  1 0                      6+  0                      
                                          4      0.360  1.000E+00  1.000E+00  0.000E+00
  7   2.632700   7.0 -1   0.00E+00  1 0                      7-  0                      
                                          4      0.372  1.000E+00  1.000E+00  0.000E+00
  8   2.733400   8.0  1   0.00E+00  1 0                      8+  0                      
                                          7      0.101  1.000E+00  1.000E+00  0.000E+00
  9   2.854500   6.0 -1   0.00E+00  1 0                      6-  0                      
                                          4      0.594  1.000E+00  1.000E+00  0.000E+00
 10   2.995000   5.0 -1   0.00E+00  1 0                    (5-)  0                      
                                          4      0.735  1.000E+00  1.000E+00  0.000E+00
 11   3.187000   4.0 -1   0.00E+00  1 0                    (4-)  0                      
                                          3      1.401  1.000E+00  1.000E+00  0.000E+00
 12   3.774100   5.0 -1   0.00E+00  1 0                    (5-)  0                      
                                          4      1.514  1.000E+00  1.000E+00  0.000E+00
 13   4.437700   5.0 -1   0.00E+00  1 0                    (5-)  0                      
                                          4      2.177  1.000E+00  1.000E+00  0.000E+00
