170Yb  170   70   84  610   83    6    8.459720    6.778246
  1   0.000000   0.0  1  -1.00E+00  0 0                      0+  0                      
  2   0.084262   2.0  1   1.58E-09  1 0                      2+  0                      
                                          1      0.084  1.374E-01  1.000E+00  6.280E+00
  3   0.277440   4.0  1   0.00E+00  1 0                      4+  0                      
                                          2      0.193  7.680E-01  1.000E+00  3.020E-01
  4   1.069360   0.0  1   0.00E+00  2 0                      0+  0                      
                                          2      0.985  1.000E+00  1.000E+00  0.000E+00
                                          1      1.069  0.000E+00  0.000E+00  0.000E+00
  5   1.138550   2.0  1   0.00E+00  2 0                      2+  0                      
                                          2      1.054  5.673E-01  5.692E-01  3.330E-03
                                          1      1.139  4.296E-01  4.308E-01  2.860E-03
  6   1.145720   2.0  1   0.00E+00  3 0                      2+  0                      
                                          3      0.868  1.933E-02  1.933E-02  0.000E+00
                                          2      1.061  5.344E-01  5.361E-01  3.290E-03
                                          1      1.146  4.445E-01  4.445E-01  0.000E+00
  7   1.225350   3.0  1   0.00E+00  2 0                    (3)+  0                      
                                          3      0.948  2.349E-01  2.349E-01  0.000E+00
                                          2      1.141  7.651E-01  7.651E-01  0.000E+00
  8   1.228840   0.0  1   0.00E+00  3 0                      0+  0                      
                                          4      0.160  0.000E+00  0.000E+00  0.000E+00
                                          2      1.145  9.464E-01  9.491E-01  2.830E-03
                                          1      1.229  5.088E-02  5.088E-02  0.000E+00
  9   1.306390   2.0  1   0.00E+00  3 0                      2+  0                      
                                          3      1.029  4.139E-01  4.139E-01  0.000E+00
                                          2      1.222  3.288E-01  3.331E-01  1.300E-02
                                          1      1.306  2.530E-01  2.530E-01  0.000E+00
 10   1.364530   1.0 -1   0.00E+00  2 0                      1-  0                      
                                          2      1.280  6.386E-01  6.392E-01  1.015E-03
                                          1      1.365  3.608E-01  3.608E-01  0.000E+00
 11   1.397050   3.0 -1   0.00E+00  2 0                    (3)-  0                      
                                          3      1.119  3.636E-01  3.636E-01  0.000E+00
                                          2      1.313  6.364E-01  6.364E-01  0.000E+00
 12   1.425240   2.0 -1   0.00E+00  3 0                    (2)-  0                      
                                          9      0.119  8.813E-03  1.072E-02  2.170E-01
                                          5      0.287  1.236E-01  1.264E-01  2.230E-02
                                          2      1.341  8.629E-01  8.629E-01  0.000E+00
 13   1.479910   0.0  1   0.00E+00  4 0                      0+  0                      
                                          8      0.251  0.000E+00  0.000E+00  0.000E+00
                                          4      0.410  0.000E+00  0.000E+00  0.000E+00
                                          2      1.396  9.980E-01  1.000E+00  1.960E-03
                                          1      1.480  0.000E+00  0.000E+00  0.000E+00
 14   1.512370   1.0 -1   0.00E+00  2 0                      1-  0                      
                                          2      1.428  5.769E-01  5.774E-01  9.380E-04
                                          1      1.512  4.226E-01  4.226E-01  0.000E+00
 15   1.534570   2.0  1   0.00E+00  6 0                      2+  0                      
                                          9      0.228  8.516E-03  1.405E-02  6.500E-01
                                          6      0.389  2.129E-02  2.301E-02  8.100E-02
                                          5      0.396  4.471E-02  4.815E-02  7.700E-02
                                          3      1.257  3.247E-01  3.247E-01  0.000E+00
                                          2      1.450  3.726E-01  3.726E-01  0.000E+00
                                          1      1.535  2.172E-01  2.175E-01  1.689E-03
 16   1.566380   0.0  1   0.00E+00  5 0                      0+  0                      
                                         10      0.202  2.519E-02  2.656E-02  5.420E-02
                                          8      0.338  0.000E+00  0.000E+00  0.000E+00
                                          4      0.497  0.000E+00  0.000E+00  0.000E+00
                                          2      1.482  9.717E-01  9.734E-01  1.780E-03
                                          1      1.566  0.000E+00  0.000E+00  0.000E+00
 17   1.634840   1.0  1   0.00E+00  2 0                    (1+)  0                      
                                          2      1.551  8.243E-01  8.265E-01  2.590E-03
                                          1      1.635  1.731E-01  1.735E-01  2.340E-03
 18   1.658060   2.0  1   0.00E+00  2 0                    (2)+  0                      
                                          3      1.381  5.745E-01  5.745E-01  0.000E+00
                                          2      1.574  4.255E-01  4.255E-01  0.000E+00
 19   1.717950   2.0 -1   0.00E+00  5 0                    (2)-  0                      
                                         14      0.206  3.422E-03  4.586E-03  3.400E-01
                                         12      0.293  2.151E-03  2.409E-03  1.200E-01
                                          7      0.493  2.484E-01  2.499E-01  6.260E-03
                                          6      0.572  5.475E-01  5.475E-01  0.000E+00
                                          5      0.579  1.956E-01  1.956E-01  0.000E+00
 20   1.838200   2.0  1   0.00E+00  2 0                    (2)+  0                      
                                          2      1.754  5.155E-01  5.155E-01  0.000E+00
                                          1      1.838  4.845E-01  4.845E-01  0.000E+00
 21   1.985640   1.0 -1   0.00E+00  4 1                   1-,2-  0                      
                                         12      0.561  2.272E-02  2.341E-02  3.050E-02
                                         10      0.621  5.956E-02  6.096E-02  2.350E-02
                                          2      1.901  8.105E-01  8.113E-01  9.820E-04
                                          1      1.986  1.044E-01  1.044E-01  0.000E+00
 22   2.039850   1.0  1   0.00E+00  5 0                      1+  0                      
                                         10      0.675  2.641E-03  2.641E-03  0.000E+00
                                          5      0.901  1.650E-02  1.650E-02  0.000E+00
                                          4      0.970  2.751E-02  2.751E-02  0.000E+00
                                          2      1.956  3.279E-01  3.284E-01  1.520E-03
                                          1      2.040  6.250E-01  6.250E-01  0.000E+00
 23   2.052590   0.0 -1   0.00E+00  2 1                0-,1-,2-  0                      
                                         14      0.540  4.981E-01  5.149E-01  3.360E-02
                                         10      0.688  4.765E-01  4.851E-01  1.810E-02
 24   2.115900   1.0 -1   0.00E+00  4 0                      1-  0                      
                                         18      0.458  3.277E-02  3.363E-02  2.600E-02
                                          6      0.970  1.707E-01  1.707E-01  0.000E+00
                                          2      2.032  5.565E-01  5.565E-01  0.000E+00
                                          1      2.116  2.390E-01  2.392E-01  1.055E-03
 25   2.126140   1.0 -1   0.00E+00  8 0                      1-  0                      
                                         14      0.614  7.966E-04  7.966E-04  0.000E+00
                                         13      0.646  1.195E-03  1.195E-03  0.000E+00
                                         12      0.701  2.788E-03  2.836E-03  1.732E-02
                                          9      0.820  2.788E-03  2.788E-03  0.000E+00
                                          6      0.980  1.155E-02  1.155E-02  0.000E+00
                                          5      0.989  1.195E-02  1.195E-02  0.000E+00
                                          2      2.042  5.258E-01  5.263E-01  1.028E-03
                                          1      2.126  4.421E-01  4.426E-01  1.059E-03
 26   2.200910   1.0 -1   0.00E+00  3 1                   1-,2-  0                      
                                          6      1.055  2.906E-01  2.910E-01  1.356E-03
                                          2      2.117  6.393E-01  6.393E-01  0.000E+00
                                          1      2.201  6.974E-02  6.974E-02  0.000E+00
 27   2.268080   1.0 -1   0.00E+00  3 0                      1-  0                      
                                          6      1.123  6.440E-02  6.440E-02  0.000E+00
                                          2      2.184  1.619E-01  1.619E-01  0.000E+00
                                          1      2.268  7.728E-01  7.737E-01  1.115E-03
 28   2.275490   1.0 -1   0.00E+00  8 0                      1-  0                      
                                         12      0.850  1.575E-02  1.575E-02  0.000E+00
                                         10      0.911  1.380E-02  1.380E-02  0.000E+00
                                          9      0.969  1.950E-02  1.950E-02  0.000E+00
                                          8      1.047  2.925E-02  2.925E-02  0.000E+00
                                          5      1.137  5.250E-02  5.271E-02  4.000E-03
                                          4      1.206  4.500E-02  4.500E-02  0.000E+00
                                          2      2.191  5.325E-01  5.330E-01  1.084E-03
                                          1      2.275  2.910E-01  2.910E-01  0.000E+00
 29   2.289370   1.0  1   0.00E+00  3 0                      1+  0                      
                                         22      0.250  4.689E-02  5.580E-02  1.900E-01
                                          2      2.205  4.193E-01  4.193E-01  0.000E+00
                                          1      2.289  5.241E-01  5.249E-01  1.518E-03
 30   2.328000   0.0  1   0.00E+00  3 0                    (0+)  0                      
                                          6      1.181  5.814E-01  5.814E-01  0.000E+00
                                          2      2.244  4.186E-01  4.186E-01  0.000E+00
                                          1      2.328  0.000E+00  0.000E+00  0.000E+00
 31   2.351710   0.0 -1   0.00E+00  8 1                0-,1-,2-  0                      
                                         25      0.225  2.128E-03  2.681E-03  2.600E-01
                                         24      0.236  1.440E-02  1.772E-02  2.300E-01
                                         22      0.312  2.619E-03  2.666E-03  1.810E-02
                                         21      0.366  8.839E-03  8.839E-03  0.000E+00
                                         19      0.634  3.274E-03  3.274E-03  0.000E+00
                                         14      0.839  2.570E-01  2.598E-01  1.100E-02
                                         12      0.926  9.493E-02  9.493E-02  0.000E+00
                                         10      0.987  6.056E-01  6.101E-01  7.390E-03
 32   2.364060   1.0 -1   0.00E+00 14 0                      1-  0                      
                                         25      0.238  1.098E-03  1.340E-03  2.200E-01
                                         15      0.829  3.220E-02  3.220E-02  0.000E+00
                                         14      0.851  5.342E-03  5.399E-03  1.065E-02
                                         13      0.884  2.285E-02  2.285E-02  0.000E+00
                                         12      0.939  1.045E-01  1.053E-01  8.370E-03
                                         11      0.967  9.497E-03  9.535E-03  3.970E-03
                                         10      1.000  1.009E-01  1.009E-01  0.000E+00
                                          9      1.058  1.410E-02  1.410E-02  0.000E+00
                                          8      1.135  0.000E+00  0.000E+00  0.000E+00
                                          6      1.218  9.022E-02  9.022E-02  0.000E+00
                                          5      1.226  3.205E-01  3.209E-01  1.068E-03
                                          4      1.295  1.885E-01  1.885E-01  0.000E+00
                                          2      2.280  1.261E-02  1.263E-02  1.120E-03
                                          1      2.364  9.616E-02  9.616E-02  0.000E+00
 33   2.367650   1.0 -1   0.00E+00  8 0                    (1)-  0                      
                                         26      0.167  1.150E-03  1.886E-03  6.400E-01
                                         25      0.241  4.345E-02  5.574E-02  2.830E-01
                                         24      0.252  8.945E-03  1.064E-02  1.900E-01
                                         19      0.650  8.519E-03  8.698E-03  2.100E-02
                                         14      0.855  1.823E-01  1.842E-01  1.054E-02
                                         12      0.942  4.004E-02  4.021E-02  4.190E-03
                                         10      1.003  6.560E-01  6.560E-01  0.000E+00
                                          9      1.061  4.260E-02  4.260E-02  0.000E+00
 34   2.400100   1.0 -1   0.00E+00  4 0                      1-  0                      
                                         18      0.742  6.284E-02  6.284E-02  0.000E+00
                                          4      1.331  5.183E-02  5.183E-02  0.000E+00
                                          2      2.316  2.980E-01  2.983E-01  1.134E-03
                                          1      2.400  5.863E-01  5.870E-01  1.169E-03
 35   2.429050   1.0  1   0.00E+00  5 1                   1+,2+  0                      
                                         25      0.303  1.439E-02  1.467E-02  1.940E-02
                                         14      0.917  3.518E-01  3.525E-01  1.762E-03
                                          5      1.291  3.039E-01  3.045E-01  2.250E-03
                                          2      2.345  1.599E-01  1.602E-01  1.497E-03
                                          1      2.429  1.679E-01  1.681E-01  1.320E-03
 36   2.436010   2.0 -1   0.00E+00  6 1                  (2,3)-  0                      
                                         26      0.236  1.599E-01  1.966E-01  2.300E-01
                                         17      0.801  1.453E-01  1.453E-01  0.000E+00
                                         15      0.901  2.725E-01  2.725E-01  0.000E+00
                                          7      1.211  1.453E-01  1.455E-01  1.084E-03
                                          3      2.158  3.997E-02  3.997E-02  0.000E+00
                                          2      2.352  1.998E-01  2.001E-01  1.149E-03
 37   2.496200   1.0 -1   0.00E+00  7 0                      1-  0                      
                                         28      0.221  7.902E-03  1.011E-02  2.800E-01
                                         25      0.370  1.078E-02  1.078E-02  0.000E+00
                                         14      0.984  1.302E-01  1.311E-01  7.460E-03
                                         12      1.071  2.175E-02  2.189E-02  6.060E-03
                                          4      1.427  1.859E-01  1.861E-01  9.380E-04
                                          2      2.412  3.328E-01  3.328E-01  0.000E+00
                                          1      2.496  3.068E-01  3.072E-01  1.208E-03
 38   2.498190   0.0 -1   0.00E+00  4 1                0-,1-,2-  0                      
                                         28      0.222  3.413E-02  4.625E-02  3.550E-01
                                         25      0.372  2.579E-02  2.808E-02  8.870E-02
                                         24      0.382  4.930E-02  5.337E-02  8.250E-02
                                         10      1.134  8.723E-01  8.723E-01  0.000E+00
 39   2.523070   1.0  1   0.00E+00  5 0                      1+  0                      
                                         18      0.865  7.223E-02  7.297E-02  1.024E-02
                                         10      1.159  4.153E-02  4.153E-02  0.000E+00
                                          9      1.217  4.063E-01  4.063E-01  0.000E+00
                                          2      2.439  2.077E-01  2.080E-01  1.471E-03
                                          1      2.523  2.709E-01  2.713E-01  1.455E-03
 40   2.536970   1.0 -1   0.00E+00  9 0                      1-  0                      
                                         22      0.497  1.877E-02  1.877E-02  0.000E+00
                                         15      1.002  1.817E-01  1.817E-01  0.000E+00
                                         10      1.173  4.239E-02  4.239E-02  0.000E+00
                                          9      1.230  1.514E-01  1.514E-01  0.000E+00
                                          8      1.308  1.575E-01  1.575E-01  0.000E+00
                                          5      1.398  9.084E-02  9.084E-02  0.000E+00
                                          4      1.468  9.084E-02  9.084E-02  0.000E+00
                                          2      2.453  1.817E-01  1.817E-01  0.000E+00
                                          1      2.537  8.479E-02  8.489E-02  1.225E-03
 41   2.661020   1.0  1   0.00E+00  6 0                      1+  0                      
                                         36      0.225  1.443E-02  1.501E-02  4.070E-02
                                         32      0.297  1.887E-02  1.925E-02  2.050E-02
                                         22      0.621  1.076E-01  1.102E-01  2.350E-02
                                         13      1.181  1.110E-01  1.110E-01  0.000E+00
                                          2      2.577  1.887E-01  1.889E-01  1.310E-03
                                          1      2.661  5.549E-01  5.557E-01  1.443E-03
 42   2.667190   1.0  1   0.00E+00 14 0                    1(+)  0                      
                                         36      0.231  7.353E-03  7.633E-03  3.820E-02
                                         35      0.238  2.093E-02  2.553E-02  2.200E-01
                                         32      0.303  5.090E-03  5.189E-03  1.940E-02
                                         18      1.010  4.977E-02  5.012E-02  7.000E-03
                                         15      1.133  8.484E-02  8.484E-02  0.000E+00
                                         13      1.188  5.656E-02  5.656E-02  0.000E+00
                                         12      1.242  6.221E-02  6.228E-02  1.051E-03
                                          9      1.361  1.414E-01  1.417E-01  2.050E-03
                                          8      1.438  6.221E-02  6.240E-02  3.030E-03
                                          6      1.522  4.525E-02  4.535E-02  2.200E-03
                                          5      1.529  9.049E-02  9.049E-02  0.000E+00
                                          4      1.598  9.049E-02  9.071E-02  2.440E-03
                                          2      2.583  1.753E-01  1.753E-01  0.000E+00
                                          1      2.667  1.018E-01  1.019E-01  7.300E-04
 43   2.748080   1.0 -1   0.00E+00 17 0                      1-  0                      
                                         38      0.250  7.786E-04  9.265E-04  1.900E-01
                                         28      0.472  2.290E-03  2.399E-03  4.740E-02
                                         26      0.547  7.878E-03  8.059E-03  2.300E-02
                                         21      0.763  5.679E-03  5.759E-03  1.400E-02
                                         17      1.113  2.061E-02  2.061E-02  0.000E+00
                                         16      1.181  9.160E-03  9.160E-03  0.000E+00
                                         15      1.214  1.053E-02  1.053E-02  0.000E+00
                                         14      1.236  4.672E-02  4.672E-02  0.000E+00
                                         13      1.268  2.382E-02  2.382E-02  0.000E+00
                                         12      1.323  3.572E-02  3.572E-02  0.000E+00
                                         10      1.384  3.847E-02  3.847E-02  0.000E+00
                                          8      1.519  1.191E-02  1.191E-02  0.000E+00
                                          6      1.602  2.107E-02  2.109E-02  9.210E-04
                                          5      1.609  4.397E-02  4.397E-02  0.000E+00
                                          4      1.679  4.580E-02  4.580E-02  0.000E+00
                                          2      2.664  2.501E-01  2.504E-01  1.280E-03
                                          1      2.748  4.241E-01  4.247E-01  1.317E-03
 44   2.768340   0.0 -1   0.00E+00  7 1                   0-,1-  0                      
                                         40      0.231  4.750E-03  5.889E-03  2.400E-01
                                         35      0.339  2.557E-03  2.557E-03  0.000E+00
                                         34      0.368  7.307E-03  7.818E-03  7.000E-02
                                         31      0.416  4.932E-03  5.169E-03  4.800E-02
                                         19      1.050  8.038E-01  8.038E-01  0.000E+00
                                         18      1.111  9.864E-03  9.864E-03  0.000E+00
                                         10      1.404  1.644E-01  1.649E-01  3.200E-03
 45   2.775660   1.0 -1   0.00E+00  9 0                      1-  0                      
                                         37      0.279  7.291E-03  8.312E-03  1.400E-01
                                         25      0.650  1.551E-02  1.584E-02  2.100E-02
                                         24      0.660  3.723E-03  3.798E-03  2.020E-02
                                         23      0.723  6.826E-03  6.826E-03  0.000E+00
                                         14      1.263  1.070E-01  1.075E-01  4.070E-03
                                         12      1.351  1.986E-02  1.986E-02  0.000E+00
                                          9      1.469  3.103E-02  3.103E-02  0.000E+00
                                          2      2.691  7.679E-01  7.689E-01  1.292E-03
                                          1      2.776  3.801E-02  3.801E-02  0.000E+00
 46   2.783120   1.0  1   0.00E+00  6 0                      1+  0                      
                                         25      0.657  7.330E-03  7.330E-03  0.000E+00
                                         10      1.419  1.833E-02  1.833E-02  0.000E+00
                                          6      1.637  3.141E-02  3.141E-02  0.000E+00
                                          4      1.714  1.047E-02  1.047E-02  0.000E+00
                                          2      2.699  3.456E-01  3.461E-01  1.442E-03
                                          1      2.783  5.864E-01  5.864E-01  0.000E+00
 47   2.819770   0.0 -1   0.00E+00 16 1                   0-,1-  0                      
                                         42      0.153  4.495E-02  5.000E-02  1.123E-01
                                         40      0.283  3.279E-02  3.882E-02  1.840E-01
                                         37      0.324  5.674E-02  6.403E-02  1.285E-01
                                         35      0.390  9.211E-03  9.308E-03  1.061E-02
                                         34      0.420  8.253E-02  8.786E-02  6.460E-02
                                         32      0.456  2.137E-02  2.248E-02  5.210E-02
                                         29      0.530  1.547E-02  1.567E-02  1.300E-02
                                         28      0.544  1.363E-01  1.396E-01  2.400E-02
                                         26      0.619  1.216E-02  1.236E-02  1.700E-02
                                         25      0.694  3.905E-03  3.975E-03  1.778E-02
                                         24      0.704  1.253E-02  1.274E-02  1.713E-02
                                         21      0.834  1.643E-02  1.643E-02  0.000E+00
                                         19      1.102  1.569E-01  1.569E-01  0.000E+00
                                         14      1.308  1.768E-01  1.774E-01  3.000E-03
                                         10      1.455  1.879E-01  1.883E-01  2.400E-03
                                          2      2.736  4.053E-03  4.061E-03  1.940E-03
 48   2.929600   1.0 -1   0.00E+00 16 0                      1-  0                      
                                         39      0.406  6.117E-03  6.176E-03  9.680E-03
                                         35      0.500  2.588E-03  2.588E-03  0.000E+00
                                         26      0.729  1.117E-02  1.117E-02  0.000E+00
                                         24      0.814  1.059E-02  1.059E-02  0.000E+00
                                         23      0.877  7.058E-03  7.058E-03  0.000E+00
                                         17      1.295  1.176E-02  1.176E-02  0.000E+00
                                         15      1.395  1.059E-01  1.059E-01  0.000E+00
                                         13      1.450  3.529E-02  3.529E-02  0.000E+00
                                         12      1.504  2.353E-03  2.353E-03  0.000E+00
                                         10      1.565  2.353E-02  2.353E-02  0.000E+00
                                          8      1.701  3.529E-02  3.529E-02  0.000E+00
                                          6      1.783  6.352E-03  6.352E-03  0.000E+00
                                          5      1.792  9.175E-03  9.175E-03  0.000E+00
                                          4      1.860  1.423E-01  1.423E-01  0.000E+00
                                          2      2.845  4.376E-01  4.376E-01  0.000E+00
                                          1      2.929  1.529E-01  1.529E-01  0.000E+00
 49   2.939730   1.0 -1   0.00E+00 17 0                      1-  0                      
                                         47      0.120  8.992E-04  2.527E-03  1.810E+00
                                         42      0.272  1.229E-03  1.260E-03  2.530E-02
                                         37      0.443  5.455E-03  5.673E-03  4.000E-02
                                         32      0.576  2.608E-03  2.682E-03  2.850E-02
                                         25      0.814  5.395E-03  5.395E-03  0.000E+00
                                         21      0.954  2.997E-02  2.997E-02  0.000E+00
                                         17      1.305  1.319E-02  1.323E-02  3.000E-03
                                         16      1.373  2.218E-02  2.218E-02  0.000E+00
                                         15      1.405  3.387E-01  3.390E-01  9.450E-04
                                         14      1.427  4.376E-02  4.376E-02  0.000E+00
                                         13      1.460  1.409E-01  1.410E-01  9.300E-04
                                         12      1.515  7.314E-02  7.314E-02  0.000E+00
                                         10      1.575  6.714E-02  6.714E-02  0.000E+00
                                          9      1.633  6.894E-03  6.894E-03  0.000E+00
                                          7      1.714  2.398E-03  2.398E-03  0.000E+00
                                          2      2.855  4.256E-02  4.262E-02  1.358E-03
                                          1      2.940  2.008E-01  2.011E-01  1.388E-03
 50   2.947840   1.0 -1   0.00E+00 16 0                      1-  0                      
                                         43      0.200  2.653E-03  3.921E-03  4.780E-01
                                         40      0.411  2.918E-03  2.918E-03  0.000E+00
                                         26      0.747  9.020E-03  9.153E-03  1.476E-02
                                         23      0.895  7.163E-03  7.163E-03  0.000E+00
                                         17      1.313  1.326E-02  1.326E-02  0.000E+00
                                         15      1.413  6.500E-02  6.500E-02  0.000E+00
                                         14      1.435  7.295E-02  7.295E-02  0.000E+00
                                         13      1.468  2.653E-02  2.655E-02  9.280E-04
                                         10      1.583  1.724E-02  1.729E-02  2.490E-03
                                          9      1.641  9.152E-02  9.152E-02  0.000E+00
                                          8      1.719  4.311E-02  4.311E-02  0.000E+00
                                          6      1.802  4.643E-02  4.647E-02  9.530E-04
                                          5      1.810  2.281E-01  2.281E-01  0.000E+00
                                          4      1.879  1.632E-01  1.633E-01  9.750E-04
                                          2      2.864  3.807E-02  3.812E-02  1.361E-03
                                          1      2.948  1.711E-01  1.711E-01  0.000E+00
 51   2.956550   1.0  1   0.00E+00  7 0                      1+  0                      
                                         12      1.531  3.301E-01  3.301E-01  0.000E+00
                                         10      1.592  2.558E-01  2.560E-01  9.210E-04
                                          7      1.731  1.733E-02  1.733E-02  0.000E+00
                                          5      1.819  3.878E-02  3.886E-02  1.950E-03
                                          4      1.887  6.189E-02  6.189E-02  0.000E+00
                                          2      2.873  1.386E-01  1.388E-01  1.447E-03
                                          1      2.957  1.568E-01  1.570E-01  1.455E-03
 52   2.965660   1.0  1   0.00E+00 13 0                      1+  0                      
                                         38      0.467  9.080E-03  9.144E-03  7.040E-03
                                         34      0.566  5.189E-03  5.189E-03  0.000E+00
                                         31      0.614  3.706E-03  3.706E-03  0.000E+00
                                         17      1.331  1.482E-02  1.482E-02  0.000E+00
                                         13      1.486  1.853E-02  1.853E-02  0.000E+00
                                         12      1.540  3.521E-02  3.521E-02  0.000E+00
                                         10      1.601  4.818E-02  4.818E-02  0.000E+00
                                          9      1.660  0.000E+00  0.000E+00  0.000E+00
                                          8      1.737  1.612E-02  1.612E-02  0.000E+00
                                          6      1.821  6.486E-03  6.498E-03  1.950E-03
                                          4      1.897  2.279E-02  2.279E-02  0.000E+00
                                          2      2.881  3.020E-01  3.020E-01  0.000E+00
                                          1      2.966  5.170E-01  5.178E-01  1.456E-03
 53   2.969450   1.0 -1   0.00E+00  5 0                      1-  0                      
                                         23      0.917  1.083E-01  1.083E-01  0.000E+00
                                         14      1.457  2.744E-01  2.749E-01  1.830E-03
                                          9      1.663  1.033E-01  1.034E-01  9.270E-04
                                          2      2.885  4.694E-01  4.701E-01  1.369E-03
                                          1      2.970  4.333E-02  4.333E-02  0.000E+00
 54   2.975320   1.0 -1   0.00E+00  8 0                      1-  0                      
                                         36      0.539  3.081E-02  3.081E-02  0.000E+00
                                         24      0.859  7.418E-02  7.418E-02  0.000E+00
                                         14      1.463  9.130E-02  9.157E-02  2.920E-03
                                         12      1.550  1.427E-01  1.427E-01  0.000E+00
                                         10      1.611  5.478E-01  5.478E-01  0.000E+00
                                          8      1.746  3.880E-02  3.880E-02  0.000E+00
                                          5      1.837  7.418E-02  7.418E-02  0.000E+00
                                          1      2.976  0.000E+00  0.000E+00  0.000E+00
 55   3.007600   1.0 -1   0.00E+00  5 0                      1-  0                      
                                         23      0.955  0.000E+00  0.000E+00  0.000E+00
                                         21      1.022  0.000E+00  0.000E+00  0.000E+00
                                          8      1.779  7.109E-02  7.109E-02  0.000E+00
                                          2      2.923  5.266E-01  5.274E-01  1.382E-03
                                          1      3.007  4.016E-01  4.016E-01  0.000E+00
 56   3.042460   1.0  1   0.00E+00  6 0                      1+  0                      
                                         15      1.508  1.655E-01  1.655E-01  0.000E+00
                                          9      1.737  1.440E-01  1.440E-01  0.000E+00
                                          6      1.897  2.036E-01  2.036E-01  0.000E+00
                                          5      1.905  7.282E-02  7.282E-02  0.000E+00
                                          2      2.958  1.655E-01  1.655E-01  0.000E+00
                                          1      3.043  2.483E-01  2.486E-01  1.465E-03
 57   3.065360   1.0  1   0.00E+00 11 0                      1+  0                      
                                         44      0.297  1.639E-02  1.673E-02  2.050E-02
                                         41      0.404  3.085E-02  3.306E-02  7.140E-02
                                         26      0.864  0.000E+00  0.000E+00  0.000E+00
                                         23      1.012  2.796E-02  2.796E-02  0.000E+00
                                         16      1.499  7.327E-02  7.327E-02  0.000E+00
                                         13      1.586  1.928E-02  1.928E-02  0.000E+00
                                         10      1.701  2.892E-01  2.892E-01  0.000E+00
                                          9      1.759  1.735E-01  1.738E-01  1.416E-03
                                          8      1.837  1.253E-01  1.253E-01  0.000E+00
                                          4      1.996  1.735E-01  1.738E-01  1.718E-03
                                          2      2.982  6.749E-02  6.749E-02  0.000E+00
 58   3.067620   1.0 -1   0.00E+00 11 0                      1-  0                      
                                         41      0.406  3.411E-02  3.444E-02  9.680E-03
                                         33      0.700  3.050E-02  3.103E-02  1.736E-02
                                         28      0.792  1.541E-01  1.541E-01  0.000E+00
                                         21      1.082  3.739E-02  3.761E-02  5.900E-03
                                         18      1.410  1.869E-01  1.869E-01  0.000E+00
                                         10      1.703  1.246E-01  1.249E-01  2.170E-03
                                          9      1.761  6.100E-02  6.100E-02  0.000E+00
                                          8      1.838  6.166E-02  6.166E-02  0.000E+00
                                          4      1.998  2.624E-02  2.624E-02  0.000E+00
                                          2      2.983  1.115E-01  1.115E-01  0.000E+00
                                          1      3.067  1.705E-01  1.705E-01  0.000E+00
 59   3.070520   0.0  0   0.00E+00 10 1                     0,1  0                      
                                         37      0.574  0.000E+00  0.000E+00  0.000E+00
                                         34      0.670  9.078E-02  9.108E-02  3.260E-03
                                         27      0.802  7.890E-02  7.890E-02  0.000E+00
                                         24      0.954  5.404E-01  5.404E-01  0.000E+00
                                         14      1.558  0.000E+00  0.000E+00  0.000E+00
                                         12      1.645  4.647E-02  4.647E-02  0.000E+00
                                         10      1.706  1.135E-01  1.135E-01  0.000E+00
                                          6      1.925  0.000E+00  0.000E+00  0.000E+00
                                          5      1.933  0.000E+00  0.000E+00  0.000E+00
                                          2      2.986  1.297E-01  1.297E-01  0.000E+00
 60   3.091930   1.0  0   0.00E+00  6 0                       1  0                      
                                         37      0.596  8.459E-02  8.680E-02  2.610E-02
                                         34      0.692  4.471E-02  4.551E-02  1.790E-02
                                         29      0.802  8.822E-02  8.822E-02  0.000E+00
                                         25      0.966  0.000E+00  0.000E+00  0.000E+00
                                          2      3.007  3.686E-01  3.686E-01  0.000E+00
                                          1      3.092  4.109E-01  4.109E-01  0.000E+00
 61   3.099640   1.0 -1   0.00E+00 10 0                    1(-)  0                      
                                         52      0.134  7.801E-03  9.033E-03  1.579E-01
                                         35      0.670  2.340E-02  2.348E-02  3.260E-03
                                         15      1.565  1.254E-01  1.254E-01  0.000E+00
                                         13      1.620  5.572E-02  5.572E-02  0.000E+00
                                          9      1.794  5.572E-02  5.578E-02  9.510E-04
                                          6      1.954  1.003E-01  1.003E-01  0.000E+00
                                          5      1.961  1.783E-01  1.785E-01  1.001E-03
                                          4      2.030  1.783E-01  1.785E-01  1.024E-03
                                          2      3.015  1.532E-01  1.535E-01  1.417E-03
                                          1      3.100  1.198E-01  1.199E-01  5.100E-04
 62   3.115580   1.0 -1   0.00E+00 10 0                      1-  0                      
                                         45      0.339  1.440E-03  1.440E-03  0.000E+00
                                         37      0.619  3.394E-02  3.451E-02  1.700E-02
                                         36      0.679  0.000E+00  0.000E+00  0.000E+00
                                         32      0.752  0.000E+00  0.000E+00  0.000E+00
                                         14      1.604  0.000E+00  0.000E+00  0.000E+00
                                          8      1.887  1.543E-02  1.543E-02  0.000E+00
                                          5      1.977  1.440E-02  1.440E-02  0.000E+00
                                          4      2.046  1.193E-02  1.193E-02  0.000E+00
                                          2      3.031  5.883E-01  5.891E-01  1.424E-03
                                          1      3.115  3.332E-01  3.332E-01  0.000E+00
 63   3.123940   1.0 -1   0.00E+00  8 0                      1-  0                      
                                         51      0.167  1.539E-02  1.675E-02  8.900E-02
                                         46      0.341  3.875E-02  3.931E-02  1.461E-02
                                         40      0.587  7.522E-02  7.672E-02  2.000E-02
                                         33      0.756  5.128E-02  5.202E-02  1.431E-02
                                         29      0.834  2.541E-01  2.541E-01  0.000E+00
                                          5      1.986  1.937E-01  1.937E-01  0.000E+00
                                          4      2.054  3.191E-01  3.194E-01  1.033E-03
                                          1      3.123  4.787E-02  4.787E-02  0.000E+00
 64   3.131100   1.0  1   0.00E+00 10 0                      1+  0                      
                                         36      0.695  0.000E+00  0.000E+00  0.000E+00
                                         23      1.078  1.141E-01  1.141E-01  0.000E+00
                                         13      1.651  1.034E-01  1.037E-01  2.300E-03
                                         12      1.706  1.597E-01  1.597E-01  0.000E+00
                                          9      1.825  1.034E-01  1.034E-01  0.000E+00
                                          6      1.986  2.586E-01  2.586E-01  0.000E+00
                                          5      1.993  6.084E-02  6.094E-02  1.490E-03
                                          4      2.061  4.715E-02  4.723E-02  1.657E-03
                                          2      3.047  1.141E-01  1.143E-01  1.466E-03
                                          1      3.131  3.803E-02  3.808E-02  1.479E-03
 65   3.140600   1.0  0   0.00E+00  4 0                     (1)  0                      
                                         41      0.479  8.226E-02  8.497E-02  3.300E-02
                                         35      0.712  1.964E-01  1.997E-01  1.667E-02
                                         10      1.776  7.059E-01  7.073E-01  2.020E-03
                                          1      3.140  7.980E-03  7.980E-03  0.000E+00
 66   3.146030   1.0  1   0.00E+00 12 0                      1+  0                      
                                         54      0.171  6.103E-03  6.103E-03  0.000E+00
                                         42      0.479  1.090E-01  1.140E-01  4.580E-02
                                         39      0.623  4.795E-02  4.907E-02  2.330E-02
                                         36      0.710  0.000E+00  0.000E+00  0.000E+00
                                         22      1.107  0.000E+00  0.000E+00  0.000E+00
                                         14      1.633  1.003E-01  1.003E-01  0.000E+00
                                         13      1.667  6.016E-02  6.016E-02  0.000E+00
                                          8      1.918  4.359E-02  4.359E-02  0.000E+00
                                          7      1.921  1.831E-01  1.833E-01  1.302E-03
                                          5      2.007  2.441E-02  2.444E-02  1.260E-03
                                          2      3.062  2.005E-01  2.008E-01  1.350E-03
                                          1      3.146  2.180E-01  2.183E-01  1.482E-03
 67   3.149090   1.0 -1   0.00E+00 11 0                      1-  0                      
                                         47      0.329  1.742E-02  1.955E-02  1.226E-01
                                         46      0.366  3.762E-02  3.762E-02  0.000E+00
                                         40      0.612  6.480E-02  6.550E-02  1.080E-02
                                         37      0.653  2.578E-02  2.631E-02  2.070E-02
                                         28      0.874  2.090E-02  2.090E-02  0.000E+00
                                         15      1.615  5.713E-02  5.713E-02  0.000E+00
                                         14      1.637  8.361E-02  8.361E-02  0.000E+00
                                         10      1.785  6.131E-02  6.142E-02  1.700E-03
                                          9      1.843  8.013E-02  8.020E-02  9.640E-04
                                          2      3.065  3.902E-01  3.907E-01  1.439E-03
                                          1      3.149  1.568E-01  1.570E-01  1.477E-03
 68   3.161020   1.0 -1   0.00E+00 10 0                    (1-)  0                      
                                         47      0.341  8.194E-02  9.110E-02  1.118E-01
                                         31      0.809  1.494E-01  1.494E-01  0.000E+00
                                         18      1.504  4.820E-02  4.820E-02  0.000E+00
                                         14      1.649  7.953E-02  7.953E-02  0.000E+00
                                         12      1.737  2.097E-01  2.097E-01  0.000E+00
                                         10      1.796  9.640E-02  9.640E-02  0.000E+00
                                          9      1.855  8.435E-02  8.435E-02  0.000E+00
                                          8      1.933  0.000E+00  0.000E+00  0.000E+00
                                          2      3.077  0.000E+00  0.000E+00  0.000E+00
                                          1      3.161  2.410E-01  2.414E-01  1.482E-03
 69   3.165590   1.0 -1   0.00E+00 10 0                      1-  0                      
                                         15      1.631  8.681E-02  8.689E-02  9.230E-04
                                         14      1.653  1.855E-02  1.855E-02  0.000E+00
                                         13      1.686  5.130E-02  5.130E-02  0.000E+00
                                         12      1.741  7.103E-02  7.116E-02  1.800E-03
                                          9      1.859  1.776E-01  1.776E-01  0.000E+00
                                          8      1.937  1.874E-01  1.876E-01  9.930E-04
                                          6      2.020  5.327E-02  5.333E-02  1.021E-03
                                          5      2.027  1.440E-01  1.442E-01  1.023E-03
                                          4      2.096  1.223E-01  1.225E-01  1.048E-03
                                          1      3.165  8.681E-02  8.694E-02  1.484E-03
 70   3.169590   1.0 -1   0.00E+00  9 0                      1-  0                      
                                         46      0.386  5.609E-02  5.670E-02  1.087E-02
                                         44      0.401  5.328E-02  5.715E-02  7.260E-02
                                         37      0.674  0.000E+00  0.000E+00  0.000E+00
                                         33      0.802  2.047E-01  2.047E-01  0.000E+00
                                         29      0.880  1.402E-01  1.402E-01  0.000E+00
                                         27      0.901  4.206E-01  4.206E-01  0.000E+00
                                         16      1.604  0.000E+00  0.000E+00  0.000E+00
                                          2      3.085  9.254E-02  9.254E-02  0.000E+00
                                          1      3.170  2.804E-02  2.804E-02  0.000E+00
 71   3.179760   1.0 -1   0.00E+00  8 0                      1-  0                      
                                         45      0.404  2.666E-02  2.857E-02  7.140E-02
                                         39      0.657  2.333E-02  2.333E-02  0.000E+00
                                         38      0.681  1.458E-02  1.485E-02  1.860E-02
                                         25      1.054  2.083E-01  2.083E-01  0.000E+00
                                         15      1.645  3.583E-02  3.583E-02  0.000E+00
                                         14      1.667  5.749E-02  5.749E-02  0.000E+00
                                          2      3.095  5.999E-01  5.999E-01  0.000E+00
                                          1      3.180  3.166E-02  3.166E-02  0.000E+00
 72   3.186660   1.0 -1   0.00E+00  6 0                    (1-)  0                      
                                         36      0.751  6.063E-02  6.130E-02  1.100E-02
                                         35      0.758  1.863E-01  1.863E-01  0.000E+00
                                         25      1.061  4.018E-01  4.042E-01  6.200E-03
                                         14      1.674  2.557E-01  2.561E-01  1.900E-03
                                         12      1.761  6.793E-02  6.793E-02  0.000E+00
                                          2      3.102  2.411E-02  2.411E-02  0.000E+00
 73   3.195580   1.0 -1   0.00E+00 13 0                      1-  0                      
                                         44      0.427  1.479E-02  1.648E-02  1.140E-01
                                         43      0.448  1.222E-01  1.289E-01  5.460E-02
                                         41      0.535  1.713E-02  1.713E-02  0.000E+00
                                         40      0.658  1.713E-02  1.713E-02  0.000E+00
                                         25      1.069  9.341E-03  9.341E-03  0.000E+00
                                         22      1.155  5.838E-02  5.838E-02  0.000E+00
                                         14      1.683  9.341E-02  9.341E-02  0.000E+00
                                         12      1.770  1.946E-02  1.950E-02  2.030E-03
                                          9      1.889  6.227E-02  6.227E-02  0.000E+00
                                          8      1.967  5.060E-02  5.060E-02  0.000E+00
                                          5      2.057  6.694E-02  6.694E-02  0.000E+00
                                          2      3.111  3.036E-01  3.040E-01  1.460E-03
                                          1      3.195  1.557E-01  1.559E-01  1.497E-03
 74   3.202940   1.0  1   0.00E+00 14 0                      1+  0                      
                                         42      0.536  1.344E-02  1.344E-02  0.000E+00
                                         39      0.679  0.000E+00  0.000E+00  0.000E+00
                                         37      0.707  1.056E-01  1.059E-01  2.930E-03
                                         34      0.802  4.670E-02  4.670E-02  0.000E+00
                                         24      1.087  4.798E-02  4.798E-02  0.000E+00
                                         22      1.162  5.758E-02  5.780E-02  3.900E-03
                                         21      1.217  2.879E-01  2.879E-01  0.000E+00
                                         16      1.637  7.677E-02  7.677E-02  0.000E+00
                                         10      1.838  6.014E-02  6.014E-02  0.000E+00
                                          9      1.897  7.869E-02  7.869E-02  0.000E+00
                                          7      1.977  4.478E-02  4.478E-02  0.000E+00
                                          6      2.057  5.502E-02  5.502E-02  0.000E+00
                                          2      3.119  2.879E-02  2.879E-02  0.000E+00
                                          1      3.202  9.597E-02  9.611E-02  1.492E-03
 75   3.213270   1.0 -1   0.00E+00 13 0                      1-  0                      
                                         56      0.171  8.023E-03  8.023E-03  0.000E+00
                                         54      0.238  4.241E-02  5.174E-02  2.200E-01
                                         43      0.466  2.751E-02  2.751E-02  0.000E+00
                                         31      0.862  0.000E+00  0.000E+00  0.000E+00
                                         26      1.012  3.324E-02  3.324E-02  0.000E+00
                                         25      1.087  8.597E-02  8.597E-02  0.000E+00
                                         22      1.173  8.023E-02  8.023E-02  0.000E+00
                                         14      1.701  3.439E-01  3.439E-01  0.000E+00
                                         10      1.848  0.000E+00  0.000E+00  0.000E+00
                                          8      1.984  6.533E-02  6.533E-02  0.000E+00
                                          4      2.143  1.834E-01  1.836E-01  1.066E-03
                                          2      3.128  1.032E-01  1.033E-01  1.468E-03
                                          1      3.212  1.719E-02  1.719E-02  0.000E+00
 76   3.258180   1.0  1   0.00E+00 13 0                      1+  0                      
                                         62      0.142  2.799E-02  3.175E-02  1.344E-01
                                         52      0.293  1.466E-02  1.642E-02  1.200E-01
                                         51      0.302  1.733E-02  2.001E-02  1.548E-01
                                         42      0.591  1.080E-01  1.080E-01  0.000E+00
                                         36      0.822  3.266E-01  3.266E-01  0.000E+00
                                         34      0.858  0.000E+00  0.000E+00  0.000E+00
                                         29      0.969  1.733E-01  1.733E-01  0.000E+00
                                         23      1.205  5.332E-02  5.332E-02  0.000E+00
                                         16      1.692  0.000E+00  0.000E+00  0.000E+00
                                         12      1.832  7.064E-02  7.064E-02  0.000E+00
                                         10      1.894  1.266E-01  1.266E-01  0.000E+00
                                          2      3.173  3.999E-02  4.005E-02  1.487E-03
                                          1      3.258  3.332E-02  3.337E-02  1.380E-03
 77   3.268910   1.0  1   0.00E+00  6 0                    1(+)  0                      
                                         47      0.449  3.015E-02  3.038E-02  7.690E-03
                                         17      1.633  2.167E-01  2.167E-01  0.000E+00
                                         15      1.734  0.000E+00  0.000E+00  0.000E+00
                                         10      1.905  8.292E-02  8.292E-02  0.000E+00
                                          9      1.962  4.052E-01  4.058E-01  1.520E-03
                                          2      3.184  2.638E-01  2.642E-01  1.488E-03
 78   3.274170   1.0 -1   0.00E+00  9 0                      1-  0                      
                                         46      0.491  8.029E-02  8.079E-02  6.310E-03
                                         39      0.751  1.333E-01  1.333E-01  0.000E+00
                                         34      0.874  4.817E-02  4.817E-02  0.000E+00
                                         24      1.159  7.386E-02  7.386E-02  0.000E+00
                                         22      1.234  8.029E-02  8.037E-02  1.058E-03
                                         14      1.761  1.493E-01  1.493E-01  0.000E+00
                                         10      1.910  7.226E-02  7.237E-02  1.600E-03
                                          2      3.190  2.007E-01  2.010E-01  1.495E-03
                                          1      3.274  1.606E-01  1.608E-01  1.527E-03
 79   3.291820   1.0  1   0.00E+00 10 0                      1+  0                      
                                         60      0.200  3.325E-02  3.511E-02  5.570E-02
                                         35      0.862  0.000E+00  0.000E+00  0.000E+00
                                         22      1.252  0.000E+00  0.000E+00  0.000E+00
                                         18      1.633  1.912E-01  1.912E-01  0.000E+00
                                         14      1.779  8.979E-02  8.979E-02  0.000E+00
                                          9      1.986  2.827E-01  2.827E-01  0.000E+00
                                          8      2.063  2.627E-01  2.631E-01  1.656E-03
                                          5      2.153  7.150E-02  7.150E-02  0.000E+00
                                          2      3.207  4.988E-02  4.995E-02  1.370E-03
                                          1      3.291  1.663E-02  1.663E-02  0.000E+00
 80   3.301950   1.0  1   0.00E+00 11 0                      1+  0                      
                                         60      0.210  1.774E-02  1.774E-02  0.000E+00
                                         46      0.519  2.366E-02  2.454E-02  3.720E-02
                                         37      0.806  4.301E-02  4.301E-02  0.000E+00
                                         34      0.901  1.613E-01  1.613E-01  0.000E+00
                                         27      1.034  6.451E-02  6.451E-02  0.000E+00
                                         17      1.667  7.419E-02  7.419E-02  0.000E+00
                                         15      1.767  1.935E-01  1.939E-01  1.700E-03
                                         12      1.876  3.494E-01  3.498E-01  9.740E-04
                                          4      2.233  3.763E-02  3.769E-02  1.543E-03
                                          2      3.218  5.376E-03  5.376E-03  0.000E+00
                                          1      3.302  2.796E-02  2.800E-02  1.512E-03
 81   3.314420   1.0  0   0.00E+00 14 0                       1  0                      
                                         60      0.222  1.264E-01  1.713E-01  3.550E-01
                                         54      0.339  9.831E-03  9.831E-03  0.000E+00
                                         50      0.366  7.584E-02  7.584E-02  0.000E+00
                                         49      0.375  1.404E-02  1.404E-02  0.000E+00
                                         48      0.385  4.494E-02  4.494E-02  0.000E+00
                                         45      0.539  7.584E-02  7.584E-02  0.000E+00
                                         43      0.566  3.932E-02  3.932E-02  0.000E+00
                                         31      0.963  2.387E-02  2.387E-02  0.000E+00
                                         27      1.047  2.739E-01  2.739E-01  0.000E+00
                                         16      1.748  3.511E-02  3.518E-02  2.080E-03
                                         12      1.889  1.123E-01  1.123E-01  0.000E+00
                                          8      2.086  6.320E-02  6.320E-02  0.000E+00
                                          2      3.229  2.107E-02  2.110E-02  1.510E-03
                                          1      3.314  3.932E-02  3.938E-02  1.515E-03
 82   3.366400   1.0  0   0.00E+00 14 0                       1  0                      
                                         57      0.301  1.842E-02  2.130E-02  1.565E-01
                                         54      0.390  2.302E-01  2.302E-01  0.000E+00
                                         45      0.591  1.492E-01  1.492E-01  0.000E+00
                                         44      0.598  1.326E-01  1.341E-01  1.147E-02
                                         34      0.966  0.000E+00  0.000E+00  0.000E+00
                                         25      1.241  6.815E-02  6.815E-02  0.000E+00
                                         19      1.649  6.079E-02  6.079E-02  0.000E+00
                                         17      1.731  3.868E-02  3.868E-02  0.000E+00
                                         16      1.799  5.250E-02  5.250E-02  0.000E+00
                                         15      1.832  9.763E-02  9.763E-02  0.000E+00
                                         13      1.887  1.381E-01  1.381E-01  0.000E+00
                                          6      2.219  0.000E+00  0.000E+00  0.000E+00
                                          5      2.229  0.000E+00  0.000E+00  0.000E+00
                                          2      3.282  9.210E-03  9.210E-03  0.000E+00
 83   3.384870   1.0 -1   0.00E+00  9 0                      1-  0                      
                                         43      0.637  1.832E-01  1.862E-01  1.600E-02
                                         39      0.862  0.000E+00  0.000E+00  0.000E+00
                                         35      0.955  0.000E+00  0.000E+00  0.000E+00
                                         32      1.022  0.000E+00  0.000E+00  0.000E+00
                                         19      1.667  2.528E-01  2.528E-01  0.000E+00
                                         13      1.905  1.612E-01  1.612E-01  0.000E+00
                                          5      2.247  9.161E-02  9.161E-02  0.000E+00
                                          4      2.315  2.932E-01  2.935E-01  1.134E-03
                                          1      3.385  1.466E-02  1.466E-02  0.000E+00
 84   3.423200   0.0 -1   0.00E+00  5 0                    (0-)  0                      
                                         27      1.155  3.074E-01  3.074E-01  0.000E+00
                                         20      1.586  8.197E-02  8.197E-02  0.000E+00
                                         19      1.706  4.303E-01  4.303E-01  0.000E+00
                                         12      1.998  1.639E-01  1.639E-01  0.000E+00
                                          2      3.339  1.639E-02  1.642E-02  1.642E-03
