169Hf  169   72    5    6    4    1    7.427656    4.933035
  1   0.000000   2.5 -1   1.94E+02  0 0                    5/2-  0                      
  2   0.028800   3.5  1   0.00E+00  1 0                  (7/2)+  0                      
                                          1      0.029  3.333E-01  1.000E+00  2.000E+00
  3   0.038180   2.5  1   0.00E+00  1 0                  (5/2+)  0                      
                                          1      0.038  5.203E-01  1.000E+00  9.220E-01
  4   0.077700   3.5 -1   0.00E+00  1 0                  (7/2)-  0                      
                                          1      0.078  1.000E+00  1.000E+00  0.000E+00
  5   0.177000   4.5 -1   0.00E+00  3 0                  (9/2)-  0                      
                                          4      0.099  3.612E-02  1.759E-01  3.870E+00
                                          2      0.148  1.502E-01  1.694E-01  1.277E-01
                                          1      0.177  4.563E-01  6.547E-01  4.350E-01
