168Hf  168   72   28   63   27    8    9.964114    5.123247
  1   0.000000   0.0  1   1.56E+03  0 0                      0+  0                      
  2   0.124100   2.0  1   0.00E+00  1 0                      2+  0                      
                                          1      0.124  3.925E-01  1.000E+00  1.548E+00
  3   0.385920   4.0  1   0.00E+00  1 0                      4+  0                      
                                          2      0.262  8.928E-01  1.000E+00  1.201E-01
  4   0.757270   6.0  1   0.00E+00  1 0                      6+  0                      
                                          3      0.371  9.591E-01  1.000E+00  4.260E-02
  5   0.875940   2.0  1   0.00E+00  3 0                      2+  0                      
                                          3      0.490  2.772E-03  2.772E-03  0.000E+00
                                          2      0.752  6.376E-01  6.424E-01  7.540E-03
                                          1      0.876  3.548E-01  3.548E-01  0.000E+00
  6   0.942090   0.0  1   0.00E+00  1 0                      0+  0                      
                                          2      0.818  9.938E-01  1.000E+00  6.200E-03
  7   1.030930   3.0  1   0.00E+00  2 0                      3+  0                      
                                          3      0.645  1.273E-01  1.287E-01  1.056E-02
                                          2      0.907  8.669E-01  8.713E-01  5.040E-03
  8   1.058620   2.0  1   0.00E+00  5 0                      2+  0                      
                                          6      0.117  7.875E-03  7.875E-03  0.000E+00
                                          5      0.183  3.937E-03  3.937E-03  0.000E+00
                                          3      0.673  2.835E-01  2.862E-01  9.530E-03
                                          2      0.935  2.362E-01  2.374E-01  4.770E-03
                                          1      1.059  4.646E-01  4.646E-01  0.000E+00
  9   1.160720   4.0  1   0.00E+00  5 0                    4(+)  0                      
                                          7      0.130  2.343E-02  2.343E-02  0.000E+00
                                          5      0.285  1.875E-02  1.875E-02  0.000E+00
                                          4      0.403  9.373E-03  9.373E-03  0.000E+00
                                          3      0.775  9.091E-01  9.203E-01  1.230E-02
                                          2      1.037  2.812E-02  2.812E-02  0.000E+00
 10   1.284640   4.0  1   0.00E+00  5 0                    (4+)  0                      
                                          8      0.226  5.405E-02  5.405E-02  0.000E+00
                                          5      0.409  1.351E-02  1.351E-02  0.000E+00
                                          4      0.527  1.189E-01  1.189E-01  0.000E+00
                                          3      0.899  5.676E-02  5.676E-02  0.000E+00
                                          2      1.161  7.568E-01  7.568E-01  0.000E+00
 11   1.373110   2.0  0   0.00E+00  2 0                     (2)  0                      
                                          3      0.987  5.957E-01  5.957E-01  0.000E+00
                                          2      1.249  4.043E-01  4.043E-01  0.000E+00
 12   1.386370   4.0  1   0.00E+00  2 1               (4+,5,6+)  0                      
                                          4      0.629  1.983E-01  1.983E-01  0.000E+00
                                          3      1.000  8.017E-01  8.017E-01  0.000E+00
 13   1.401540  -1.0  0   0.00E+00  3 0                          0                      
                                          7      0.371  3.480E-01  3.480E-01  0.000E+00
                                          5      0.526  1.575E-01  1.575E-01  0.000E+00
                                          2      1.277  4.945E-01  4.945E-01  0.000E+00
 14   1.408300   4.0  0   0.00E+00  1 0                     (4)  0                      
                                          2      1.284  1.000E+00  1.000E+00  0.000E+00
 15   1.411820   0.0  0   0.00E+00  3 0                   (LE4)  0                      
                                          7      0.381  1.250E-01  1.250E-01  0.000E+00
                                          5      0.536  5.735E-01  5.735E-01  0.000E+00
                                          2      1.288  3.015E-01  3.015E-01  0.000E+00
 16   1.497220   4.0 -1   0.00E+00  2 0                    (4-)  0                      
                                          4      0.740  3.156E-01  3.156E-01  0.000E+00
                                          3      1.111  6.844E-01  6.844E-01  0.000E+00
 17   1.551380   6.0  1   0.00E+00  3 0                    (6+)  0                      
                                          9      0.391  6.832E-02  6.832E-02  0.000E+00
                                          7      0.520  3.106E-01  3.106E-01  0.000E+00
                                          3      1.165  6.211E-01  6.211E-01  0.000E+00
 18   1.568500   3.0  0   0.00E+00  2 0                     (3)  0                      
                                          3      1.183  4.819E-01  4.819E-01  0.000E+00
                                          2      1.444  5.181E-01  5.181E-01  0.000E+00
 19   1.618000   0.0  0   0.00E+00  3 0                   (LE4)  0                      
                                          8      0.559  1.033E-01  1.033E-01  0.000E+00
                                          5      0.742  2.888E-01  2.888E-01  0.000E+00
                                          2      1.494  6.079E-01  6.079E-01  0.000E+00
 20   1.644210   0.0  0   0.00E+00  1 0                   (LE4)  0                      
                                          2      1.520  1.000E+00  1.000E+00  0.000E+00
 21   1.671410   1.0  1   0.00E+00  4 1                 (1+,2+)  0                      
                                          8      0.613  2.879E-01  2.879E-01  0.000E+00
                                          7      0.640  2.727E-01  2.727E-01  0.000E+00
                                          6      0.729  2.091E-01  2.091E-01  0.000E+00
                                          5      0.795  2.303E-01  2.303E-01  0.000E+00
 22   1.734020   2.0  1   0.00E+00  3 1               (2+,3,4+)  0                      
                                          5      0.858  2.709E-01  2.709E-01  0.000E+00
                                          3      1.348  1.379E-01  1.379E-01  0.000E+00
                                          2      1.610  5.911E-01  5.911E-01  0.000E+00
 23   1.797220   4.0  0   0.00E+00  2 0                     (4)  0                      
                                          3      1.411  5.882E-01  5.882E-01  0.000E+00
                                          2      1.673  4.118E-01  4.118E-01  0.000E+00
 24   1.799520   2.0  1   0.00E+00  2 1               (2+,3,4+)  0                      
                                          3      1.413  3.750E-01  3.750E-01  0.000E+00
                                          2      1.675  6.250E-01  6.250E-01  0.000E+00
 25   1.966630  -1.0  0   0.00E+00  1 0                          0                      
                                          3      1.581  1.000E+00  1.000E+00  0.000E+00
 26   2.047920  -1.0  0   0.00E+00  1 0                          0                      
                                          9      0.887  1.000E+00  1.000E+00  0.000E+00
 27   2.108700   2.0  1   0.00E+00  2 1               (2+,3,4+)  0                      
                                          3      1.723  2.632E-01  2.632E-01  0.000E+00
                                          2      1.984  7.368E-01  7.368E-01  0.000E+00
 28   2.353040  -1.0  0   0.00E+00  2 0                          0                      
                                          7      1.322  3.684E-01  3.684E-01  0.000E+00
                                          5      1.477  6.316E-01  6.316E-01  0.000E+00
