176Ta  176   73    5    6    4    0    7.028045    4.172587
  1   0.000000   1.0 -1   2.91E+04  0 0                    (1)-  0                      
  2   0.100200   0.0  1   2.50E-08  1 0                    (0+)  0                      
                                          1      0.100  7.305E-01  1.000E+00  3.690E-01
  3   0.133800   2.0  1   2.00E-09  1 0                    (2+)  0                      
                                          2      0.034  1.799E-03  1.000E+00  5.550E+02
  4   0.184300   1.0  1   0.00E+00  2 0                    (1+)  0                      
                                          3      0.051  1.463E-02  9.612E-02  5.570E+00
                                          2      0.084  1.077E-01  9.039E-01  7.390E+00
  5   0.195100   1.0  1   0.00E+00  2 0                    (1+)  0                      
                                          3      0.061  9.587E-02  3.988E-01  3.160E+00
                                          2      0.095  9.650E-02  6.012E-01  5.230E+00
