 168W  168   74   17   20   16    3   10.871036    3.830837
  1   0.000000   0.0  1   5.09E+01  0 0                      0+  0                      
  2   0.199300   2.0  1   0.00E+00  1 0                      2+  0                      
                                          1      0.199  7.622E-01  1.000E+00  3.120E-01
  3   0.562400   4.0  1   0.00E+00  1 0                      4+  0                      
                                          2      0.363  9.534E-01  1.000E+00  4.890E-02
  4   0.858900  -1.0  0   0.00E+00  1 0                          0                      
                                          2      0.659  1.000E+00  1.000E+00  0.000E+00
  5   1.042100   6.0  1   0.00E+00  1 0                      6+  0                      
                                          3      0.480  9.772E-01  1.000E+00  2.330E-02
  6   1.117500  -1.0  0   0.00E+00  1 0                          0                      
                                          2      0.918  1.000E+00  1.000E+00  0.000E+00
  7   1.278900  -1.0  0   0.00E+00  2 0                          0                      
                                          4      0.420  1.852E-01  1.852E-01  0.000E+00
                                          3      0.717  8.148E-01  8.148E-01  0.000E+00
  8   1.536400   5.0 -1   0.00E+00  2 0                    5(-)  0                      
                                          5      0.494  6.421E-01  6.468E-01  7.290E-03
                                          3      0.974  3.525E-01  3.532E-01  1.870E-03
  9   1.577200   4.0 -1   0.00E+00  1 1                 (4-,5-)  0                      
                                          3      1.015  1.000E+00  1.000E+00  0.000E+00
 10   1.586900  -1.0  0   0.00E+00  1 0                          0                      
                                          3      1.024  1.000E+00  1.000E+00  0.000E+00
 11   1.600300   8.0  1   0.00E+00  1 0                      8+  0                      
                                          5      0.558  9.842E-01  1.000E+00  1.604E-02
 12   1.698600  -1.0  0   0.00E+00  1 0                          0                      
                                          4      0.840  1.000E+00  1.000E+00  0.000E+00
 13   1.760800  -1.0  0   0.00E+00  2 0                          0                      
                                          7      0.482  3.974E-01  3.974E-01  0.000E+00
                                          5      0.719  6.026E-01  6.026E-01  0.000E+00
 14   1.834200   7.0 -1   0.00E+00  2 0                    7(-)  0                      
                                          8      0.298  3.234E-01  3.515E-01  8.700E-02
                                          5      0.792  6.467E-01  6.485E-01  2.770E-03
 15   2.219500  -1.0  0   0.00E+00  1 0                          0                      
                                          5      1.177  1.000E+00  1.000E+00  0.000E+00
 16   2.430100  -1.0  0   0.00E+00  1 0                          0                      
                                          5      1.388  1.000E+00  1.000E+00  0.000E+00
 17   2.479900  -1.0  0   0.00E+00  1 0                          0                      
                                          5      1.438  1.000E+00  1.000E+00  0.000E+00
