 181W  181   74   32  109   31   17    6.669020    6.589285
  1   0.000000   4.5  1  -1.00E+00  0 0                    9/2+  0                      
  2   0.113390   5.5  1   0.00E+00  1 0                   11/2+  0                      
                                          1      0.113  2.262E-01  1.000E+00  3.420E+00
  3   0.250590   6.5  1   0.00E+00  1 0                   13/2+  0                      
                                          2      0.137  3.358E-01  1.000E+00  1.978E+00
  4   0.365560   2.5 -1   1.46E-05  2 0                    5/2-  0                      
                                          2      0.252  1.151E-02  2.080E-02  8.070E-01
                                          1      0.365  6.652E-01  9.792E-01  4.720E-01
  5   0.385200   0.5 -1   0.00E+00  1 0                    1/2-  0                      
                                          4      0.020  1.171E-04  1.000E+00  8.540E+03
  6   0.409210   3.5 -1   0.00E+00  2 0                    7/2-  0                      
                                          4      0.043  7.850E-02  9.578E-01  1.120E+01
                                          1      0.409  4.178E-02  4.225E-02  1.111E-02
  7   0.450130   1.5 -1   0.00E+00  1 0                    3/2-  0                      
                                          5      0.065  1.667E-01  1.000E+00  5.000E+00
  8   0.457860   0.5 -1   0.00E+00  1 0                    1/2-  0                      
                                          5      0.073  7.491E-02  1.000E+00  1.235E+01
  9   0.475650   3.5 -1   0.00E+00  2 0                    7/2-  0                      
                                          4      0.110  1.999E-01  9.216E-01  3.610E+00
                                          1      0.476  7.775E-02  7.836E-02  7.930E-03
 10   0.488430   2.5 -1   0.00E+00  2 0                    5/2-  0                      
                                          7      0.038  3.547E-02  5.391E-01  1.420E+01
                                          5      0.103  1.020E-01  4.609E-01  3.520E+00
 11   0.529430   1.5 -1   0.00E+00  3 0                    3/2-  0                      
                                          8      0.072  3.946E-02  5.544E-01  1.305E+01
                                          5      0.144  1.315E-01  3.574E-01  1.717E+00
                                          4      0.164  4.472E-02  8.823E-02  9.730E-01
 12   0.560460   2.5 -1   0.00E+00  5 0                    5/2-  0                      
                                         11      0.031  2.404E-03  6.468E-02  2.590E+01
                                          8      0.103  3.659E-02  1.672E-01  3.570E+00
                                          7      0.110  1.359E-01  6.347E-01  3.670E+00
                                          5      0.175  6.272E-02  9.352E-02  4.910E-01
                                          4      0.195  2.300E-02  3.993E-02  7.360E-01
 13   0.643020   3.5 -1   0.00E+00  4 0                    7/2-  0                      
                                         10      0.154  2.682E-01  4.736E-01  7.660E-01
                                          9      0.167  9.685E-02  2.066E-01  1.133E+00
                                          7      0.193  8.195E-02  1.106E-01  3.500E-01
                                          4      0.278  1.639E-01  2.091E-01  2.760E-01
 14   0.661750   3.5 -1   0.00E+00  3 0                    7/2-  0                      
                                          9      0.186  5.325E-02  7.439E-02  3.970E-01
                                          4      0.296  5.964E-02  7.021E-02  1.772E-01
                                          1      0.662  8.520E-01  8.554E-01  3.970E-03
 15   0.726280   1.5 -1   0.00E+00  7 0                    3/2-  0                      
                                         12      0.166  5.349E-03  1.038E-02  9.400E-01
                                         11      0.197  2.203E-02  3.780E-02  7.160E-01
                                         10      0.237  4.091E-03  5.833E-03  4.260E-01
                                          7      0.276  2.706E-02  3.274E-02  2.100E-01
                                          6      0.317  3.776E-03  4.052E-03  7.300E-02
                                          5      0.341  1.573E-03  1.825E-03  1.600E-01
                                          4      0.361  8.402E-01  9.074E-01  8.000E-02
 16   0.807380   2.5 -1   0.00E+00  4 0                    5/2-  0                      
                                         13      0.165  3.457E-02  6.779E-02  9.610E-01
                                          9      0.332  3.661E-01  4.289E-01  1.717E-01
                                          6      0.398  1.769E-01  1.957E-01  1.060E-01
                                          4      0.442  2.847E-01  3.076E-01  8.050E-02
 17   0.953430   3.5  1   0.00E+00  2 0                    7/2+  0                      
                                          2      0.840  7.256E-02  7.303E-02  6.490E-03
                                          1      0.954  9.166E-01  9.270E-01  1.131E-02
 18   0.993400   4.5  1   0.00E+00  2 0                  (9/2)+  0                      
                                          2      0.880  8.528E-01  8.646E-01  1.382E-02
                                          1      0.994  1.340E-01  1.354E-01  1.021E-02
 19   1.009320   2.5  1   0.00E+00  3 1              (5/2,7/2)+  0                      
                                          9      0.533  1.919E-02  1.931E-02  6.220E-03
                                          4      0.644  1.847E-01  1.855E-01  4.200E-03
                                          1      1.009  7.917E-01  7.952E-01  4.460E-03
 20   1.086790   3.5  1   0.00E+00  2 0                  (7/2)+  0                      
                                          2      0.973  1.907E-01  1.916E-01  4.800E-03
                                          1      1.087  8.053E-01  8.084E-01  3.850E-03
 21   1.188340   1.5 -1   0.00E+00  7 0                    3/2-  0                      
                                         12      0.629  5.220E-02  5.389E-02  3.240E-02
                                         11      0.659  8.991E-02  9.249E-02  2.870E-02
                                         10      0.700  5.220E-02  5.349E-02  2.462E-02
                                          8      0.730  2.900E-02  2.964E-02  2.211E-02
                                          7      0.738  1.160E-01  1.185E-01  2.152E-02
                                          5      0.804  5.800E-01  5.871E-01  1.224E-02
                                          4      0.823  6.380E-02  6.485E-02  1.636E-02
 22   1.248850   2.5 -1   0.00E+00  6 0                    5/2-  0                      
                                         19      0.239  4.801E-02  4.994E-02  4.010E-02
                                         16      0.442  2.401E-01  2.594E-01  8.050E-02
                                         15      0.522  1.240E-01  1.305E-01  5.230E-02
                                         14      0.587  3.721E-01  3.774E-01  1.440E-02
                                          9      0.773  4.001E-02  4.077E-02  1.911E-02
                                          4      0.883  1.400E-01  1.419E-01  1.369E-02
 23   1.271970   2.5  1   0.00E+00  4 0                    5/2+  0                      
                                         19      0.263  1.143E-01  1.417E-01  2.400E-01
                                         17      0.319  5.910E-01  7.043E-01  1.916E-01
                                          6      0.863  9.456E-02  9.479E-02  2.360E-03
                                          1      1.272  5.910E-02  5.927E-02  2.830E-03
 24   1.330700   2.5 -1   0.00E+00  4 1               5/2-,7/2-  0                      
                                         16      0.524  2.217E-01  2.331E-01  5.170E-02
                                         14      0.668  3.581E-01  3.680E-01  2.770E-02
                                         12      0.770  1.791E-01  1.825E-01  1.934E-02
                                          9      0.854  2.132E-01  2.163E-01  1.487E-02
 25   1.355300   2.5 -1   0.00E+00  2 1               5/2-,7/2-  0                      
                                         14      0.694  2.133E-01  2.164E-01  1.455E-02
                                          4      0.989  7.756E-01  7.836E-01  1.032E-02
 26   1.365590   1.5  1   0.00E+00 12 0                    3/2+  0                      
                                         23      0.094  5.215E-03  3.551E-02  5.810E+00
                                         21      0.177  7.170E-02  7.783E-02  8.550E-02
                                         19      0.356  7.496E-02  7.886E-02  5.200E-02
                                         17      0.412  4.563E-02  5.003E-02  9.650E-02
                                         16      0.558  9.452E-02  9.505E-02  5.660E-03
                                         15      0.639  2.836E-01  2.848E-01  4.260E-03
                                         12      0.805  1.369E-01  1.373E-01  2.690E-03
                                         11      0.836  2.021E-02  2.026E-02  2.510E-03
                                         10      0.877  1.956E-02  1.960E-02  2.290E-03
                                          8      0.907  4.563E-02  4.573E-02  2.150E-03
                                          5      0.981  8.148E-03  8.163E-03  1.860E-03
                                          4      1.000  1.467E-01  1.469E-01  1.790E-03
 27   1.377720   1.5  1   0.00E+00  5 1               3/2+,5/2+  0                      
                                         16      0.570  2.431E-01  2.444E-01  5.400E-03
                                         15      0.651  5.489E-01  5.512E-01  4.100E-03
                                         12      0.818  7.058E-02  7.076E-02  2.620E-03
                                         11      0.849  7.058E-02  7.075E-02  2.440E-03
                                         10      0.889  6.274E-02  6.288E-02  2.230E-03
 28   1.422800   2.5 -1   0.00E+00  3 1               5/2-,7/2-  0                      
                                         15      0.697  1.026E-01  1.026E-01  0.000E+00
                                          9      0.947  3.846E-01  3.846E-01  0.000E+00
                                          4      1.057  5.128E-01  5.128E-01  0.000E+00
 29   1.440540   2.5  1   0.00E+00  6 1               5/2+,7/2+  0                      
                                         20      0.354  9.655E-02  1.034E-01  7.150E-02
                                         17      0.487  1.609E-01  1.709E-01  6.230E-02
                                         16      0.633  3.540E-02  3.555E-02  4.350E-03
                                          9      0.965  4.505E-02  4.514E-02  1.910E-03
                                          4      1.076  2.253E-01  2.256E-01  1.570E-03
                                          1      1.441  4.184E-01  4.193E-01  2.240E-03
 30   1.469120   2.5  1   0.00E+00  6 0                  (5/2)+  0                      
                                         20      0.382  1.151E-01  1.253E-01  8.850E-02
                                         17      0.516  7.032E-02  7.412E-02  5.400E-02
                                          9      0.994  9.270E-02  9.287E-02  1.810E-03
                                          7      1.019  5.754E-02  5.764E-02  1.730E-03
                                          4      1.103  2.973E-01  2.977E-01  1.500E-03
                                          1      1.469  3.516E-01  3.524E-01  2.160E-03
 31   1.498140   3.5  1   0.00E+00  5 0                    7/2+  0                      
                                         19      0.489  4.563E-01  4.845E-01  6.170E-02
                                         17      0.545  1.780E-01  1.863E-01  4.680E-02
                                          4      1.132  1.369E-01  1.371E-01  1.430E-03
                                          2      1.384  1.415E-01  1.418E-01  2.410E-03
                                          1      1.498  5.019E-02  5.038E-02  3.720E-03
 32   1.538000   3.5  1   0.00E+00  1 0                  (7/2+)  0                      
                                          1      1.538  1.000E+00  1.000E+00  0.000E+00
