176Re  176   75    4    5    3    0    7.845897    2.719061
  1   0.000000  -1.0  0  -1.00E+00  0 0                          0                      
  2   0.081500  -1.0  0   0.00E+00  1 0                          0                      
                                          1      0.082  1.000E+00  1.000E+00  0.000E+00
  3   0.857300  -1.0  0   0.00E+00  2 0                          0                      
                                          2      0.776  5.868E-01  5.868E-01  0.000E+00
                                          1      0.857  4.132E-01  4.132E-01  0.000E+00
  4   1.290800  -1.0  0   0.00E+00  2 0                          0                      
                                          2      1.209  4.152E-01  4.152E-01  0.000E+00
                                          1      1.291  5.848E-01  5.848E-01  0.000E+00
