183Ir  183   77    4    6    3    4    9.221774    2.882000
  1   0.000000   2.5 -1  -1.00E+00  0 0                    5/2-  0                      
  2   0.015800   4.5 -1   0.00E+00  1 0                    9/2-  0                      
                                          1      0.016  0.000E+00  0.000E+00  2.980E+04
  3   0.328970   3.5 -1   0.00E+00  2 0                    7/2-  0                      
                                          2      0.313  3.776E-01  4.417E-01  1.700E-01
                                          1      0.329  4.854E-01  5.583E-01  1.500E-01
  4   0.645350   4.5 -1   0.00E+00  3 0                    9/2-  0                      
                                          3      0.316  2.827E-01  3.279E-01  1.600E-01
                                          2      0.630  5.334E-01  5.478E-01  2.700E-02
                                          1      0.645  1.227E-01  1.243E-01  1.307E-02
