189Au  189   79   69  146   67    3    9.281961    3.049960
  1   0.000000   0.5  1   1.72E+03  0 0                    1/2+  0                      
  2   0.009930   1.5  1   3.00E-08  1 0                    3/2+  0                      
                                          1      0.010  0.000E+00  0.000E+00  2.780E+02
  3   0.203770   1.5  1   0.00E+00  2 0                    3/2+  0                      
                                          2      0.194  4.375E-03  4.375E-03  0.000E+00
                                          1      0.204  5.562E-01  9.956E-01  7.900E-01
  4   0.247250   5.5 -1   2.75E+02  0 0                   11/2-  2 AP   100.0000 %EC+%B+ =      0.0000 %IT    
  5   0.248590   2.5  1   0.00E+00  3 0                    5/2+  0                      
                                          3      0.045  0.000E+00  0.000E+00  1.820E+01
                                          2      0.239  3.990E-01  5.083E-01  2.740E-01
                                          1      0.249  4.160E-01  4.917E-01  1.820E-01
  6   0.307770   2.5  1   0.00E+00  4 0                    5/2+  0                      
                                          5      0.059  0.000E+00  0.000E+00  0.000E+00
                                          3      0.104  0.000E+00  0.000E+00  0.000E+00
                                          2      0.298  7.576E-01  9.773E-01  2.900E-01
                                          1      0.308  2.273E-02  2.273E-02  0.000E+00
  7   0.325100   4.5 -1   1.90E-07  1 0                    9/2-  0                      
                                          4      0.078  0.000E+00  0.000E+00  3.700E+00
  8   0.483990   3.5 -1   1.50E-10  3 0                    7/2-  0                      
                                          6      0.176  1.155E-01  1.269E-01  9.880E-02
                                          5      0.235  1.768E-01  1.853E-01  4.840E-02
                                          4      0.236  5.656E-01  6.878E-01  2.160E-01
  9   0.491510   2.5 -1   3.00E-10  1 0                    5/2-  0                      
                                          7      0.167  5.834E-01  1.000E+00  7.140E-01
 10   0.512430   3.5  1   0.00E+00  3 0                    7/2+  0                      
                                          5      0.264  2.401E-01  3.434E-01  4.300E-01
                                          3      0.308  4.900E-02  5.364E-02  9.470E-02
                                          2      0.502  5.880E-01  6.030E-01  2.550E-02
 11   0.602920   0.5  1   0.00E+00  5 1               1/2+,3/2+  0                      
                                          6      0.295  2.327E-02  2.327E-02  0.000E+00
                                          5      0.356  9.971E-03  9.971E-03  0.000E+00
                                          3      0.399  1.994E-01  2.194E-01  1.000E-01
                                          2      0.593  1.329E-02  1.329E-02  0.000E+00
                                          1      0.603  6.980E-01  7.341E-01  5.180E-02
 12   0.647130   3.5  1   0.00E+00  4 0                    7/2+  0                      
                                         10      0.135  0.000E+00  0.000E+00  2.600E+00
                                          5      0.399  7.047E-01  8.132E-01  1.539E-01
                                          3      0.443  9.273E-02  9.273E-02  0.000E+00
                                          2      0.637  9.273E-02  9.409E-02  1.469E-02
 13   0.770730   3.5 -1   0.00E+00  2 0                    7/2-  0                      
                                          9      0.279  4.039E-01  5.169E-01  2.800E-01
                                          7      0.446  4.460E-01  4.831E-01  8.300E-02
 14   0.801960   0.5  1   0.00E+00  4 1               1/2+,3/2+  0                      
                                          5      0.553  8.380E-02  8.380E-02  0.000E+00
                                          3      0.598  4.050E-01  4.192E-01  3.490E-02
                                          2      0.792  1.164E-01  1.164E-01  0.000E+00
                                          1      0.802  3.724E-01  3.806E-01  2.200E-02
 15   0.811790   2.5  1   0.00E+00  4 1          (5/2,3/2,1/2)+  0                      
                                          6      0.504  2.944E-01  2.944E-01  0.000E+00
                                          3      0.609  2.538E-01  2.589E-01  2.000E-02
                                          2      0.802  2.030E-01  2.030E-01  0.000E+00
                                          1      0.811  2.437E-01  2.437E-01  0.000E+00
 16   0.814300   0.5 -1   0.00E+00  1 0                    1/2-  0                      
                                          9      0.323  9.238E-01  1.000E+00  8.250E-02
 17   0.862200   4.5 -1   0.00E+00  2 0                    9/2-  0                      
                                          8      0.378  5.153E-01  6.004E-01  1.650E-01
                                          4      0.615  3.809E-01  3.996E-01  4.920E-02
 18   0.879670  -1.0  1   0.00E+00  2 0                       +  0                      
                                          6      0.571  1.825E-01  1.825E-01  0.000E+00
                                          3      0.676  8.175E-01  8.175E-01  0.000E+00
 19   0.887200   1.5 -1   0.00E+00  1 1              (3/2,5/2)-  0                      
                                          9      0.396  9.116E-01  1.000E+00  9.700E-02
 20   0.911000   3.5 -1   0.00E+00  2 0                    7/2-  0                      
                                          9      0.419  6.384E-01  7.010E-01  9.800E-02
                                          7      0.586  2.832E-01  2.990E-01  5.580E-02
 21   0.977800  -1.0  0   0.00E+00  1 0                          0                      
                                          6      0.670  1.000E+00  1.000E+00  0.000E+00
 22   1.058730   1.5 -1   0.00E+00  7 0                    3/2-  0                      
                                         11      0.456  4.285E-02  4.285E-02  0.000E+00
                                          8      0.575  5.403E-01  5.504E-01  1.860E-02
                                          6      0.751  4.285E-02  4.285E-02  0.000E+00
                                          5      0.810  6.707E-02  6.707E-02  0.000E+00
                                          3      0.856  8.943E-02  8.969E-02  2.950E-03
                                          2      1.048  2.608E-02  2.608E-02  0.000E+00
                                          1      1.058  1.807E-01  1.811E-01  1.990E-03
 23   1.098100  -1.0  0   0.00E+00  2 0                          0                      
                                          3      0.895  2.931E-01  2.931E-01  0.000E+00
                                          2      1.088  7.069E-01  7.069E-01  0.000E+00
 24   1.104790   1.5 -1   0.00E+00  4 0                    3/2-  0                      
                                         19      0.217  1.195E-01  1.960E-01  6.400E-01
                                         16      0.290  1.648E-01  2.248E-01  3.640E-01
                                         13      0.334  2.473E-02  2.473E-02  0.000E+00
                                          9      0.613  5.316E-01  5.545E-01  4.300E-02
 25   1.107400  -1.0  0   0.00E+00  1 0                          0                      
                                         10      0.595  1.000E+00  1.000E+00  0.000E+00
 26   1.116050   3.5 -1   0.00E+00  3 1               7/2-,5/2-  0                      
                                         19      0.229  1.887E-01  2.869E-01  5.200E-01
                                         13      0.345  3.417E-01  4.193E-01  2.270E-01
                                          9      0.625  2.805E-01  2.938E-01  4.730E-02
 27   1.133600  -1.0  0   0.00E+00  1 0                          0                      
                                          6      0.826  1.000E+00  1.000E+00  0.000E+00
 28   1.156000   2.5 -1   0.00E+00  5 1             (5/2-,7/2-)  0                      
                                         19      0.269  2.659E-01  3.246E-01  2.210E-01
                                         13      0.385  1.772E-01  2.072E-01  1.690E-01
                                          9      0.664  2.732E-01  2.832E-01  3.660E-02
                                          6      0.848  1.108E-01  1.111E-01  2.990E-03
                                          3      0.952  7.385E-02  7.385E-02  0.000E+00
 29   1.165000  -1.0  0   0.00E+00  1 0                          0                      
                                          1      1.165  1.000E+00  1.000E+00  0.000E+00
 30   1.165700  -1.0  0   0.00E+00  1 0                          0                      
                                          5      0.917  1.000E+00  1.000E+00  0.000E+00
 31   1.254230   2.5 -1   0.00E+00  4 1               5/2-,7/2-  0                      
                                         22      0.196  7.432E-02  1.043E-01  4.040E-01
                                         17      0.392  2.654E-02  2.654E-02  0.000E+00
                                          8      0.770  7.167E-01  7.364E-01  2.750E-02
                                          6      0.946  1.327E-01  1.327E-01  0.000E+00
 32   1.260800  -1.0  0   0.00E+00  1 0                          0                      
                                          3      1.057  1.000E+00  1.000E+00  0.000E+00
 33   1.286300  -1.0  0   0.00E+00  1 0                          0                      
                                         16      0.472  1.000E+00  1.000E+00  0.000E+00
 34   1.346600  -1.0  0   0.00E+00  1 0                          0                      
                                          3      1.143  1.000E+00  1.000E+00  0.000E+00
 35   1.358900  -1.0  0   0.00E+00  1 0                          0                      
                                          3      1.155  1.000E+00  1.000E+00  0.000E+00
 36   1.371300  -1.0  0   0.00E+00  1 0                          0                      
                                         16      0.557  1.000E+00  1.000E+00  0.000E+00
 37   1.431900  -1.0  0   0.00E+00  1 0                          0                      
                                         19      0.545  1.000E+00  1.000E+00  0.000E+00
 38   1.476100  -1.0  0   0.00E+00  2 0                          0                      
                                          3      1.272  5.088E-01  5.088E-01  0.000E+00
                                          2      1.466  4.912E-01  4.912E-01  0.000E+00
 39   1.755000  -1.0  0   0.00E+00  1 0                          0                      
                                         20      0.844  1.000E+00  1.000E+00  0.000E+00
 40   1.767000  -1.0  0   0.00E+00  1 0                          0                      
                                          8      1.283  1.000E+00  1.000E+00  0.000E+00
 41   1.808400  -1.0  0   0.00E+00  1 0                          0                      
                                          5      1.560  1.000E+00  1.000E+00  0.000E+00
 42   1.851000  -1.0  0   0.00E+00  1 0                          0                      
                                          8      1.367  1.000E+00  1.000E+00  0.000E+00
 43   1.862900  -1.0 -1   0.00E+00  2 0                       -  0                      
                                         20      0.952  6.722E-01  6.829E-01  1.601E-02
                                          6      1.555  3.171E-01  3.171E-01  0.000E+00
 44   1.863400  -1.0  0   0.00E+00  1 0                          0                      
                                          8      1.379  1.000E+00  1.000E+00  0.000E+00
 45   1.879000  -1.0  0   0.00E+00  2 0                          0                      
                                          6      1.571  4.110E-01  4.110E-01  0.000E+00
                                          3      1.675  5.890E-01  5.890E-01  0.000E+00
 46   1.913500  -1.0  0   0.00E+00  1 0                          0                      
                                          5      1.665  1.000E+00  1.000E+00  0.000E+00
 47   1.960100  -1.0  0   0.00E+00  1 0                          0                      
                                          8      1.476  1.000E+00  1.000E+00  0.000E+00
 48   1.970800  -1.0  0   0.00E+00  2 0                          0                      
                                          8      1.487  3.036E-01  3.036E-01  0.000E+00
                                          6      1.663  6.964E-01  6.964E-01  0.000E+00
 49   2.030880  -1.0  0   0.00E+00  5 0                          0                      
                                         24      0.926  1.429E-01  1.429E-01  0.000E+00
                                         23      0.933  1.633E-01  1.633E-01  0.000E+00
                                         22      0.972  1.020E-01  1.020E-01  0.000E+00
                                         11      1.428  4.286E-01  4.286E-01  0.000E+00
                                          3      1.827  1.633E-01  1.633E-01  0.000E+00
 50   2.031000  -1.0  0   0.00E+00  2 0                          0                      
                                          2      2.022  7.688E-01  7.688E-01  0.000E+00
                                          1      2.030  2.312E-01  2.312E-01  0.000E+00
 51   2.034200  -1.0  0   0.00E+00  1 0                          0                      
                                          1      2.034  1.000E+00  1.000E+00  0.000E+00
 52   2.034700  -1.0  0   0.00E+00  2 0                          0                      
                                         16      1.221  5.000E-01  5.000E-01  0.000E+00
                                         11      1.432  5.000E-01  5.000E-01  0.000E+00
 53   2.036100  -1.0  0   0.00E+00  1 0                          0                      
                                          5      1.788  1.000E+00  1.000E+00  0.000E+00
 54   2.061500  -1.0  0   0.00E+00  1 0                          0                      
                                          9      1.570  1.000E+00  1.000E+00  0.000E+00
 55   2.066200  -1.0  0   0.00E+00  1 0                          0                      
                                         19      1.179  1.000E+00  1.000E+00  0.000E+00
 56   2.066480   1.5 -1   0.00E+00  4 1               3/2-,5/2-  0                      
                                         22      1.008  4.878E-01  4.945E-01  1.386E-02
                                         11      1.464  1.995E-01  1.995E-01  0.000E+00
                                          5      1.818  1.109E-01  1.109E-01  0.000E+00
                                          3      1.863  1.951E-01  1.951E-01  0.000E+00
 57   2.074050  -1.0 -1   0.00E+00  5 0                       -  0                      
                                         24      0.969  1.164E-01  1.164E-01  0.000E+00
                                         22      1.015  2.612E-01  2.647E-01  1.360E-02
                                         16      1.260  1.277E-01  1.277E-01  0.000E+00
                                         11      1.471  7.949E-02  7.949E-02  0.000E+00
                                          6      1.766  4.116E-01  4.116E-01  0.000E+00
 58   2.074700  -1.0 -1   0.00E+00  2 0                     (-)  0                      
                                         28      0.919  4.882E-01  4.947E-01  1.330E-02
                                         26      0.959  4.974E-01  5.053E-01  1.573E-02
 59   2.092800  -1.0 -1   0.00E+00  3 0                       -  0                      
                                         28      0.937  4.894E-01  4.976E-01  1.669E-02
                                         16      1.278  2.023E-01  2.023E-01  0.000E+00
                                          1      2.093  3.002E-01  3.002E-01  0.000E+00
 60   2.093620  -1.0 -1   0.00E+00  4 0                       -  0                      
                                         26      0.978  1.927E-01  1.955E-01  1.496E-02
                                         22      1.035  4.250E-01  4.305E-01  1.296E-02
                                          6      1.786  2.607E-01  2.607E-01  0.000E+00
                                          5      1.845  1.133E-01  1.133E-01  0.000E+00
 61   2.099700  -1.0  0   0.00E+00  1 0                          0                      
                                          3      1.896  1.000E+00  1.000E+00  0.000E+00
 62   2.101460  -1.0  0   0.00E+00  7 0                          0                      
                                         24      0.996  8.734E-02  8.734E-02  0.000E+00
                                         18      1.221  8.734E-02  8.734E-02  0.000E+00
                                         14      1.300  7.860E-02  7.860E-02  0.000E+00
                                         13      1.331  1.135E-01  1.135E-01  0.000E+00
                                         12      1.454  2.402E-01  2.402E-01  0.000E+00
                                          2      2.091  2.096E-01  2.096E-01  0.000E+00
                                          1      2.101  1.834E-01  1.834E-01  0.000E+00
 63   2.101800  -1.0 -1   0.00E+00  3 0                     (-)  0                      
                                         31      0.848  3.423E-01  3.496E-01  2.150E-02
                                         10      1.589  3.081E-01  3.081E-01  0.000E+00
                                          6      1.794  3.423E-01  3.423E-01  0.000E+00
 64   2.109800  -1.0  0   0.00E+00  1 0                          0                      
                                          6      1.802  1.000E+00  1.000E+00  0.000E+00
 65   2.154600  -1.0 -1   0.00E+00  1 0                       -  0                      
                                         31      0.900  1.000E+00  1.000E+00  0.000E+00
 66   2.155300  -1.0  0   0.00E+00  1 0                          0                      
                                         22      1.097  1.000E+00  1.000E+00  0.000E+00
 67   2.157400  -1.0  0   0.00E+00  1 0                          0                      
                                          5      1.909  1.000E+00  1.000E+00  0.000E+00
 68   2.209800  -1.0  0   0.00E+00  1 0                          0                      
                                          3      2.006  1.000E+00  1.000E+00  0.000E+00
 69   2.258700  -1.0  0   0.00E+00  3 0                          0                      
                                         31      1.004  4.306E-01  4.306E-01  0.000E+00
                                         22      1.200  2.778E-01  2.778E-01  0.000E+00
                                          2      2.249  2.917E-01  2.917E-01  0.000E+00
