197Au  197   79    4    5    3    4    8.072352    5.784185
  1   0.000000   1.5  1  -1.00E+00  0 0                    3/2+  0                      
  2   0.077349   0.5  1   1.91E-09  1 0                    1/2+  0                      
                                          1      0.077  1.908E-01  1.000E+00  4.240E+00
  3   0.279040   2.5  1   1.86E-11  2 0                    5/2+  0                      
                                          2      0.202  1.043E-02  1.427E-02  3.680E-01
                                          1      0.279  7.143E-01  9.857E-01  3.800E-01
  4   0.409170   5.5 -1   7.73E+00  2 0                   11/2-  1 =    100.0000 %IT    
                                          3      0.130  3.178E-02  9.947E-01  3.030E+01
                                          1      0.409  1.066E-03  5.300E-03  3.970E+00
