186Au  186   79   39   51   38    4    7.928024    2.315683
  1   0.000000   3.0 -1   6.42E+02  0 0                      3-  0                      
  2   0.036140   2.0 -1   8.00E-11  1 0                      2-  0                      
                                          1      0.036  3.067E-02  1.000E+00  3.160E+01
  3   0.113940   1.0 -1   1.60E-09  1 0                      1-  0                      
                                          2      0.078  2.294E-01  1.000E+00  3.360E+00
  4   0.189740   1.0 -1   0.00E+00  1 0                      1-  0                      
                                          3      0.076  2.299E-01  1.000E+00  3.350E+00
  5   0.227770   3.0  1   1.10E-07  2 1                 3+,(2+)  0                      
                                          2      0.192  5.164E-01  5.579E-01  8.020E-02
                                          1      0.228  4.202E-01  4.421E-01  5.230E-02
  6   0.251500   2.0 -1   7.00E-11  1 0                      2-  0                      
                                          1      0.252  6.502E-01  1.000E+00  5.380E-01
  7   0.288000   2.0  1   8.70E-10  2 0                      2+  0                      
                                          5      0.060  6.075E-02  9.399E-01  1.447E+01
                                          1      0.288  5.842E-02  6.015E-02  2.960E-02
  8   0.337640  -1.0  0   0.00E+00  2 0                          0                      
                                          7      0.050  5.914E-02  6.778E-01  1.046E+01
                                          5      0.110  7.097E-02  3.222E-01  3.540E+00
  9   0.349100   2.0 -1   0.00E+00  1 0                      2-  0                      
                                          1      0.349  8.361E-01  1.000E+00  1.960E-01
 10   0.350870   1.0  1   0.00E+00  1 0                      1+  0                      
                                          5      0.123  2.000E-01  1.000E+00  4.000E+00
 11   0.363610   1.0  1   2.10E-10  1 0                      1+  0                      
                                          6      0.112  7.628E-01  1.000E+00  3.110E-01
 12   0.393020  -1.0  0   0.00E+00  2 0                          0                      
                                          2      0.357  2.368E-01  2.368E-01  0.000E+00
                                          1      0.393  7.632E-01  7.632E-01  0.000E+00
 13   0.405210   1.0 -1   0.00E+00  2 0                    (1-)  0                      
                                          9      0.056  6.577E-02  5.985E-01  8.100E+00
                                          6      0.154  1.370E-01  4.015E-01  1.930E+00
 14   0.438800   1.0  1   0.00E+00  1 0                    (1+)  0                      
                                          7      0.151  3.378E-01  1.000E+00  1.960E+00
 15   0.441700  -1.0  0   0.00E+00  1 0                          0                      
                                          6      0.190  0.000E+00  0.000E+00  0.000E+00
 16   0.464200   1.0 -1   0.00E+00  1 0                    (1-)  0                      
                                          9      0.115  1.876E-01  1.000E+00  4.330E+00
 17   0.487300   1.0  1   0.00E+00  1 0                    (1)+  0                      
                                          7      0.199  4.936E-01  1.000E+00  1.026E+00
 18   0.496600   1.0  1   0.00E+00  1 0                    (1+)  0                      
                                         11      0.133  3.145E-01  1.000E+00  2.180E+00
 19   0.556800   1.0 -1   0.00E+00  1 1                  (1,2)-  0                      
                                          6      0.305  7.776E-01  1.000E+00  2.860E-01
 20   0.595920  -1.0  0   0.00E+00  1 0                          0                      
                                         12      0.203  5.061E-01  1.000E+00  9.760E-01
 21   0.598210   1.0 -1   0.00E+00  3 0                    (1-)  0                      
                                         13      0.193  2.061E-01  3.161E-01  5.340E-01
                                         11      0.234  1.546E-01  1.546E-01  0.000E+00
                                          6      0.347  4.959E-01  5.293E-01  6.730E-02
 22   0.611900  -1.0  0   0.00E+00  1 0                          0                      
                                          6      0.360  1.000E+00  1.000E+00  0.000E+00
 23   0.664300   1.0 -1   0.00E+00  1 0                    (1-)  0                      
                                          9      0.315  7.752E-01  1.000E+00  2.900E-01
 24   0.689430   1.0 -1   0.00E+00  3 0                    (1-)  0                      
                                         13      0.284  3.119E-01  4.208E-01  3.490E-01
                                         11      0.326  1.337E-01  1.337E-01  0.000E+00
                                          6      0.438  4.456E-01  4.456E-01  0.000E+00
 25   0.715490   0.0  1   0.00E+00  2 1                 (0+,1+)  0                      
                                         18      0.219  2.971E-01  5.317E-01  7.900E-01
                                         11      0.352  3.851E-01  4.683E-01  2.160E-01
 26   0.732700  -1.0  0   0.00E+00  1 0                          0                      
                                          1      0.733  1.000E+00  1.000E+00  0.000E+00
 27   0.800300  -1.0  0   0.00E+00  1 0                          0                      
                                         13      0.395  1.000E+00  1.000E+00  0.000E+00
 28   0.804700  -1.0  0   0.00E+00  1 0                          0                      
                                          6      0.553  1.000E+00  1.000E+00  0.000E+00
 29   0.942600  -1.0  0   0.00E+00  1 0                          0                      
                                          6      0.691  1.000E+00  1.000E+00  0.000E+00
 30   1.032300  -1.0  0   0.00E+00  1 0                          0                      
                                         12      0.639  1.000E+00  1.000E+00  0.000E+00
 31   1.044300  -1.0  0   0.00E+00  1 0                          0                      
                                         12      0.651  1.000E+00  1.000E+00  0.000E+00
 32   1.144100  -1.0  0   0.00E+00  1 0                          0                      
                                         11      0.780  1.000E+00  1.000E+00  0.000E+00
 33   1.145100  -1.0  0   0.00E+00  1 0                          0                      
                                         26      0.412  1.000E+00  1.000E+00  0.000E+00
 34   1.283000  -1.0  0   0.00E+00  1 0                          0                      
                                         28      0.478  1.000E+00  1.000E+00  0.000E+00
 35   1.300600  -1.0  0   0.00E+00  1 0                          0                      
                                         21      0.702  1.000E+00  1.000E+00  0.000E+00
 36   1.503800  -1.0  0   0.00E+00  1 0                          0                      
                                         11      1.140  1.000E+00  1.000E+00  0.000E+00
 37   1.608660  -1.0  0   0.00E+00  2 0                          0                      
                                         18      1.112  6.176E-01  6.176E-01  0.000E+00
                                         11      1.245  3.824E-01  3.824E-01  0.000E+00
 38   1.686960  -1.0  0   0.00E+00  2 0                          0                      
                                         18      1.190  2.857E-01  2.857E-01  0.000E+00
                                         11      1.323  7.143E-01  7.143E-01  0.000E+00
 39   1.691360  -1.0  0   0.00E+00  2 0                          0                      
                                         18      1.195  2.069E-01  2.069E-01  0.000E+00
                                         11      1.328  7.931E-01  7.931E-01  0.000E+00
