200Hg  200   80   34  198   33   20    8.028519    7.698486
  1   0.000000   0.0  1  -1.00E+00  0 0                      0+  0                      
  2   0.367943   2.0  1   0.00E+00  1 0                      2+  0                      
                                          1      0.368  9.439E-01  1.000E+00  5.940E-02
  3   0.947242   4.0  1   0.00E+00  1 0                      4+  0                      
                                          2      0.579  9.814E-01  1.000E+00  1.900E-02
  4   1.029344   0.0  1   0.00E+00  1 0                      0+  0                      
                                          2      0.661  9.860E-01  1.000E+00  1.416E-02
  5   1.254098   2.0  1   0.00E+00  4 0                      2+  0                      
                                          4      0.225  2.526E-03  3.193E-03  2.640E-01
                                          3      0.307  1.645E-03  1.809E-03  9.950E-02
                                          2      0.886  6.815E-01  6.883E-01  9.900E-03
                                          1      1.254  3.055E-01  3.067E-01  3.910E-03
  6   1.515172   0.0  1   0.00E+00  1 0                      0+  0                      
                                          2      1.147  9.954E-01  1.000E+00  4.630E-03
  7   1.570275   1.0  1   0.00E+00  4 0                      1+  0                      
                                          5      0.316  7.805E-03  1.025E-02  3.130E-01
                                          4      0.541  6.840E-02  7.349E-02  7.450E-02
                                          2      1.202  2.602E-01  2.626E-01  9.420E-03
                                          1      1.570  6.504E-01  6.537E-01  5.010E-03
  8   1.573665   2.0  1   0.00E+00  5 0                      2+  0                      
                                          5      0.320  1.968E-03  2.566E-03  3.040E-01
                                          4      0.544  2.367E-03  2.419E-03  2.200E-02
                                          3      0.627  3.137E-03  3.187E-03  1.596E-02
                                          2      1.206  9.811E-01  9.901E-01  9.170E-03
                                          1      1.574  1.711E-03  1.716E-03  2.640E-03
  9   1.593426   2.0  1   0.00E+00  4 0                      2+  0                      
                                          4      0.564  4.901E-03  5.000E-03  2.020E-02
                                          3      0.646  2.438E-03  2.474E-03  1.490E-02
                                          2      1.225  9.777E-01  9.823E-01  4.780E-03
                                          1      1.593  1.016E-02  1.018E-02  2.590E-03
 10   1.630892   1.0  1   0.00E+00  5 0                      1+  0                      
                                          6      0.116  1.792E-02  1.111E-01  5.200E+00
                                          5      0.377  2.868E-03  3.427E-03  1.950E-01
                                          4      0.601  3.405E-03  3.598E-03  5.650E-02
                                          2      1.263  8.065E-01  8.125E-01  7.500E-03
                                          1      1.631  6.900E-02  6.932E-02  4.610E-03
 11   1.641443   2.0  1   0.00E+00  4 0                      2+  0                      
                                          5      0.387  4.138E-02  4.887E-02  1.810E-01
                                          4      0.612  6.480E-02  6.589E-02  1.681E-02
                                          3      0.694  1.387E-02  1.405E-02  1.275E-02
                                          2      1.273  8.640E-01  8.712E-01  8.260E-03
 12   1.659008   3.0  1   0.00E+00  3 0                      3+  0                      
                                          5      0.405  1.266E-02  1.470E-02  1.605E-01
                                          3      0.712  3.020E-01  3.092E-01  2.400E-02
                                          2      1.291  6.721E-01  6.761E-01  5.900E-03
 13   1.718303   1.0  1   0.00E+00  8 0                      1+  0                      
                                         11      0.077  3.436E-02  1.402E-01  3.080E+00
                                          8      0.145  1.767E-02  6.626E-02  2.750E+00
                                          7      0.148  1.531E-02  5.482E-02  2.580E+00
                                          6      0.203  8.835E-03  1.818E-02  1.058E+00
                                          5      0.464  2.130E-02  2.279E-02  7.000E-02
                                          4      0.689  1.492E-01  1.551E-01  3.970E-02
                                          2      1.350  1.669E-01  1.681E-01  7.150E-03
                                          1      1.719  3.730E-01  3.746E-01  4.110E-03
 14   1.730925   2.0  1   0.00E+00  7 0                      2+  0                      
                                          9      0.138  1.198E-02  5.006E-02  3.180E+00
                                          7      0.161  2.065E-03  6.277E-03  2.040E+00
                                          6      0.216  1.790E-03  2.330E-03  3.020E-01
                                          5      0.477  5.781E-02  6.186E-02  7.000E-02
                                          4      0.702  2.464E-01  2.495E-01  1.246E-02
                                          3      0.784  8.948E-02  9.036E-02  9.860E-03
                                          2      1.363  5.369E-01  5.396E-01  5.200E-03
 15   1.734344   3.0  1   0.00E+00  5 0                      3+  0                      
                                          9      0.141  6.045E-02  2.400E-01  2.970E+00
                                          8      0.161  8.590E-03  2.611E-02  2.040E+00
                                          5      0.480  2.863E-02  3.156E-02  1.020E-01
                                          3      0.787  3.754E-01  3.826E-01  1.900E-02
                                          2      1.367  3.182E-01  3.198E-01  5.100E-03
 16   1.775582   3.0  1   0.00E+00  6 0                      3+  0                      
                                         12      0.117  8.294E-03  4.147E-02  4.000E+00
                                          9      0.182  3.828E-03  6.584E-03  7.200E-01
                                          8      0.202  6.380E-03  1.324E-02  1.076E+00
                                          5      0.521  2.042E-02  2.150E-02  5.300E-02
                                          3      0.828  7.911E-01  8.107E-01  2.470E-02
                                          2      1.408  1.059E-01  1.065E-01  5.940E-03
 17   1.845778   3.0  1   0.00E+00  7 0                      3+  0                      
                                         12      0.187  9.055E-03  2.117E-02  1.338E+00
                                          9      0.252  7.761E-02  1.226E-01  5.790E-01
                                          8      0.272  2.587E-02  3.806E-02  4.710E-01
                                          7      0.275  1.035E-02  1.177E-02  1.377E-01
                                          5      0.592  2.134E-01  2.260E-01  5.890E-02
                                          3      0.899  4.592E-01  4.673E-01  1.752E-02
                                          2      1.478  1.125E-01  1.132E-01  5.770E-03
 18   1.856777   0.0  1   0.00E+00  5 0                      0+  0                      
                                         13      0.138  3.243E-02  1.336E-01  3.120E+00
                                         10      0.226  4.973E-02  8.886E-02  7.870E-01
                                          7      0.287  5.405E-03  7.616E-03  4.090E-01
                                          5      0.603  1.081E-02  1.100E-02  1.740E-02
                                          2      1.488  7.567E-01  7.589E-01  2.890E-03
 19   1.882857   2.0  1   0.00E+00 11 0                      2+  0                      
                                         15      0.148  9.828E-03  3.489E-02  2.550E+00
                                         14      0.152  1.581E-02  5.361E-02  2.390E+00
                                         13      0.165  2.237E-02  6.509E-02  1.910E+00
                                         11      0.241  4.067E-03  6.730E-03  6.550E-01
                                         10      0.252  4.180E-02  5.768E-02  3.800E-01
                                          9      0.289  7.455E-02  9.394E-02  2.600E-01
                                          8      0.309  3.174E-02  3.841E-02  2.100E-01
                                          7      0.313  4.631E-03  6.123E-03  3.220E-01
                                          5      0.629  1.084E-01  1.131E-01  4.340E-02
                                          3      0.936  7.907E-03  7.962E-03  6.880E-03
                                          2      1.515  5.196E-01  5.224E-01  5.390E-03
 20   1.972276   2.0  1   0.00E+00  8 0                      2+  0                      
                                         14      0.241  3.753E-03  6.211E-03  6.550E-01
                                         13      0.254  2.948E-03  4.626E-03  5.690E-01
                                         12      0.313  2.948E-03  3.895E-03  3.210E-01
                                         11      0.331  4.490E-03  5.729E-03  2.760E-01
                                         10      0.341  1.575E-02  1.975E-02  2.540E-01
                                          8      0.399  1.675E-02  1.956E-02  1.673E-01
                                          5      0.718  3.753E-02  3.886E-02  3.560E-02
                                          2      1.605  8.979E-01  9.014E-01  3.820E-03
 21   1.974336   3.0  1   0.00E+00  3 0                    (3)+  0                      
                                         14      0.243  9.841E-02  1.614E-01  6.400E-01
                                          5      0.720  3.085E-01  3.194E-01  3.540E-02
                                          3      1.027  5.141E-01  5.192E-01  1.000E-02
 22   2.061253   1.0  1   0.00E+00 11 0                      1+  0                      
                                         18      0.204  1.259E-03  2.567E-03  1.039E+00
                                         14      0.330  6.343E-04  8.107E-04  2.780E-01
                                         13      0.343  2.181E-03  2.728E-03  2.510E-01
                                         11      0.420  9.912E-03  1.136E-02  1.457E-01
                                         10      0.430  2.567E-02  2.917E-02  1.364E-01
                                          9      0.468  9.020E-03  1.001E-02  1.093E-01
                                          8      0.488  9.912E-03  1.051E-02  6.000E-02
                                          7      0.491  6.343E-03  6.724E-03  6.000E-02
                                          6      0.546  3.866E-03  4.147E-03  7.270E-02
                                          5      0.807  1.586E-02  1.620E-02  2.180E-02
                                          2      1.693  9.020E-01  9.058E-01  4.240E-03
 23   2.114357   3.0  1   0.00E+00  8 0                    (3)+  0                      
                                         17      0.268  1.132E-02  1.686E-02  4.890E-01
                                         16      0.339  7.862E-02  9.899E-02  2.590E-01
                                         15      0.380  3.774E-02  4.491E-02  1.900E-01
                                         14      0.383  1.195E-01  1.417E-01  1.860E-01
                                         10      0.483  2.516E-02  2.590E-02  2.930E-02
                                          9      0.521  7.862E-02  8.509E-02  8.230E-02
                                          3      1.167  3.774E-01  3.813E-01  1.030E-02
                                          2      1.746  2.044E-01  2.052E-01  3.980E-03
 24   2.126856   2.0  1   0.00E+00 13 0                      2+  0                      
                                         17      0.281  2.323E-03  3.324E-03  4.310E-01
                                         16      0.351  1.467E-02  1.812E-02  2.350E-01
                                         15      0.393  5.624E-03  6.605E-03  1.744E-01
                                         14      0.396  2.812E-03  3.291E-03  1.704E-01
                                         13      0.409  6.236E-02  7.213E-02  1.567E-01
                                         12      0.468  7.703E-02  8.545E-02  1.093E-01
                                         11      0.485  4.524E-02  4.972E-02  9.910E-02
                                         10      0.496  1.100E-01  1.203E-01  9.370E-02
                                          9      0.533  6.113E-02  6.586E-02  7.730E-02
                                          8      0.554  6.969E-02  7.458E-02  7.010E-02
                                          7      0.557  1.345E-01  1.429E-01  6.250E-02
                                          5      0.873  9.781E-02  9.992E-02  2.160E-02
                                          2      1.759  2.568E-01  2.578E-01  3.910E-03
 25   2.151350   3.0 -1   0.00E+00  1 0                      3-  0                      
                                          2      1.783  9.988E-01  1.000E+00  1.230E-03
 26   2.229265   1.0  1   0.00E+00 11 0                      1+  0                      
                                         19      0.346  1.963E-02  2.442E-02  2.440E-01
                                         16      0.454  7.361E-03  7.613E-03  3.430E-02
                                         11      0.588  2.760E-02  2.926E-02  5.990E-02
                                         10      0.598  6.747E-02  6.997E-02  3.700E-02
                                          9      0.636  1.411E-02  1.480E-02  4.880E-02
                                          8      0.656  3.251E-02  3.398E-02  4.510E-02
                                          7      0.659  1.472E-01  1.538E-01  4.450E-02
                                          6      0.714  2.638E-02  2.733E-02  3.620E-02
                                          5      0.975  5.520E-01  5.589E-01  1.238E-02
                                          2      1.861  5.520E-02  5.540E-02  3.500E-03
                                          1      2.229  2.454E-02  2.460E-02  2.600E-03
 27   2.238510   3.0  0   0.00E+00  1 0                     (3)  0                      
                                          2      1.871  9.977E-01  1.000E+00  2.300E-03
 28   2.274227   1.0  1   0.00E+00 11 1                  (1,2)+  0                      
                                         21      0.300  9.211E-03  1.133E-02  2.300E-01
                                         20      0.302  7.018E-03  9.502E-03  3.540E-01
                                         17      0.428  1.316E-02  1.434E-02  9.000E-02
                                         16      0.499  1.842E-02  1.953E-02  6.000E-02
                                         11      0.633  1.930E-02  2.025E-02  4.950E-02
                                         10      0.643  6.579E-02  6.891E-02  4.740E-02
                                          8      0.700  2.763E-02  2.868E-02  3.800E-02
                                          7      0.704  1.272E-01  1.320E-01  3.750E-02
                                          6      0.759  3.509E-02  3.583E-02  2.100E-02
                                          2      1.906  5.746E-01  5.761E-01  2.700E-03
                                          1      2.274  8.334E-02  8.351E-02  2.100E-03
 29   2.288950   2.0  1   0.00E+00  6 0                      2+  0                      
                                          9      0.696  1.638E-02  1.701E-02  3.870E-02
                                          7      0.719  3.451E-02  3.574E-02  3.560E-02
                                          5      1.035  7.780E-02  7.888E-02  1.397E-02
                                          3      1.342  2.866E-01  2.876E-01  3.460E-03
                                          2      1.921  4.328E-01  4.343E-01  3.300E-03
                                          1      2.290  1.462E-01  1.465E-01  1.690E-03
 30   2.296280   1.0  1   0.00E+00  8 0                      1+  0                      
                                         18      0.440  4.873E-03  5.502E-03  1.290E-01
                                         13      0.578  1.218E-02  1.295E-02  6.270E-02
                                          8      0.722  1.218E-02  1.261E-02  3.510E-02
                                          6      0.781  1.675E-02  1.723E-02  2.870E-02
                                          5      1.042  1.066E-01  1.081E-01  1.371E-02
                                          4      1.267  1.462E-01  1.474E-01  8.380E-03
                                          2      1.928  1.157E-01  1.161E-01  3.280E-03
                                          1      2.296  5.787E-01  5.801E-01  2.500E-03
 31   2.331784   2.0  1   0.00E+00 13 0                      2+  0                      
                                         24      0.204  4.707E-03  9.640E-03  1.048E+00
                                         22      0.271  5.492E-03  8.122E-03  4.790E-01
                                         20      0.359  5.492E-03  6.705E-03  2.210E-01
                                         19      0.449  8.630E-02  9.682E-02  1.219E-01
                                         18      0.475  7.845E-03  8.084E-03  3.050E-02
                                         15      0.597  2.354E-02  2.489E-02  5.750E-02
                                         14      0.601  2.877E-02  3.039E-02  5.660E-02
                                         13      0.614  2.092E-02  2.204E-02  5.360E-02
                                         11      0.690  4.707E-02  4.893E-02  3.950E-02
                                          9      0.739  2.092E-02  2.162E-02  3.320E-02
                                          7      0.761  4.707E-02  4.851E-02  3.060E-02
                                          3      1.385  4.707E-01  4.723E-01  3.270E-03
                                          2      1.964  2.014E-01  2.020E-01  3.170E-03
 32   2.343595   3.0  1   0.00E+00  4 0                    (3)+  0                      
                                         19      0.461  1.768E-02  1.969E-02  1.138E-01
                                         17      0.498  1.694E-01  1.851E-01  9.270E-02
                                         16      0.568  2.505E-02  2.669E-02  6.560E-02
                                          2      1.976  7.661E-01  7.685E-01  3.140E-03
 33   2.370042   1.0  1   0.00E+00 14 0                      1+  0                      
                                         22      0.309  1.625E-03  2.166E-03  3.330E-01
                                         20      0.398  3.431E-03  4.008E-03  1.683E-01
                                         19      0.487  5.959E-03  6.544E-03  9.820E-02
                                         15      0.636  1.625E-03  1.650E-03  1.544E-02
                                         14      0.639  9.028E-03  9.464E-03  4.820E-02
                                         13      0.651  2.167E-03  2.266E-03  4.590E-02
                                         12      0.711  2.347E-03  2.376E-03  1.211E-02
                                         11      0.728  9.209E-03  9.525E-03  3.430E-02
                                         10      0.739  4.695E-03  4.850E-03  3.310E-02
                                          8      0.796  1.986E-02  2.040E-02  2.730E-02
                                          7      0.800  6.500E-03  6.676E-03  2.700E-02
                                          5      1.116  4.514E-03  4.566E-03  1.153E-02
                                          2      2.002  8.848E-01  8.875E-01  3.060E-03
                                          1      2.370  3.792E-02  3.801E-02  2.410E-03
 34   2.388690   1.0  1   0.00E+00  4 1                (1,2,3)+  0                      
                                         21      0.414  8.975E-03  9.873E-03  1.000E-01
                                         11      0.747  8.515E-02  8.789E-02  3.220E-02
                                          7      0.818  1.404E-01  1.428E-01  1.700E-02
                                          2      2.021  7.595E-01  7.595E-01  0.000E+00
