196Hg  196   80    7    7    6    4    8.883920    6.547854
  1   0.000000   0.0  1  -1.00E+00  0 0                      0+  0                      
  2   0.426300   2.0  1   0.00E+00  1 0                      2+  0                      
                                          1      0.426  9.614E-01  1.000E+00  4.010E-02
  3   1.061600   4.0  1   0.00E+00  1 0                      4+  0                      
                                          2      0.635  9.848E-01  1.000E+00  1.547E-02
  4   1.757000   5.0 -1   5.55E-10  1 0                      5-  0                      
                                          3      0.695  9.955E-01  1.000E+00  4.560E-03
  5   1.785100   6.0  1   0.00E+00  1 0                    (6+)  0                      
                                          3      0.724  1.000E+00  1.000E+00  0.000E+00
  6   1.841000   7.0 -1   5.22E-09  1 0                      7-  0                      
                                          4      0.084  0.000E+00  0.000E+00  1.140E+01
  7   2.346000   5.0 -1   0.00E+00  2 1               (5-,6,7-)  0                      
                                          6      0.505  7.910E-01  7.910E-01  0.000E+00
                                          4      0.589  2.090E-01  2.090E-01  0.000E+00
