187Hg  187   80   47   63   45    0    7.650768    3.692624
  1   0.000000   1.5 -1  -1.00E+00  0 0                  (3/2-)  0                      
  2   0.000000   6.5  1   0.00E+00  0 0                 (13/2+)  0                      
  3   0.126730  -1.0  0   0.00E+00  1 0                          0                      
                                          1      0.127  1.000E+00  1.000E+00  0.000E+00
  4   0.161570   4.5  1   3.30E-08  1 0                  (9/2+)  0                      
                                          2      0.162  1.000E+00  1.000E+00  0.000E+00
  5   0.167580   5.5  1   0.00E+00  1 0                 (11/2+)  0                      
                                          1      0.168  1.000E+00  1.000E+00  0.000E+00
  6   0.252300  -1.0  0   0.00E+00  1 0                          0                      
                                          1      0.252  1.000E+00  1.000E+00  0.000E+00
  7   0.257350  -1.0  0   0.00E+00  2 0                          0                      
                                          5      0.090  1.250E-01  1.250E-01  0.000E+00
                                          2      0.257  8.750E-01  8.750E-01  0.000E+00
  8   0.269800  -1.0  0   0.00E+00  2 0                          0                      
                                          5      0.102  2.632E-01  2.632E-01  0.000E+00
                                          4      0.108  7.368E-01  7.368E-01  0.000E+00
  9   0.332900  -1.0  0   0.00E+00  1 0                          0                      
                                          1      0.333  1.000E+00  1.000E+00  0.000E+00
 10   0.349530  -1.0  0   0.00E+00  1 0                          0                      
                                          1      0.350  1.000E+00  1.000E+00  0.000E+00
 11   0.374600  -1.0  0   0.00E+00  1 0                          0                      
                                          1      0.375  1.000E+00  1.000E+00  0.000E+00
 12   0.393400  -1.0  0   0.00E+00  1 0                          0                      
                                          6      0.141  1.000E+00  1.000E+00  0.000E+00
 13   0.402300  -1.0  0   0.00E+00  2 0                          0                      
                                          5      0.235  4.762E-01  4.762E-01  0.000E+00
                                          4      0.241  5.238E-01  5.238E-01  0.000E+00
 14   0.403700  -1.0  0   0.00E+00  1 0                          0                      
                                          1      0.404  1.000E+00  1.000E+00  0.000E+00
 15   0.404000  -1.0  0   0.00E+00  1 0                          0                      
                                          6      0.152  1.000E+00  1.000E+00  0.000E+00
 16   0.411180  -1.0  0   0.00E+00  1 0                          0                      
                                          1      0.411  1.000E+00  1.000E+00  0.000E+00
 17   0.423650  -1.0  0   0.00E+00  2 0                          0                      
                                          3      0.297  7.556E-01  7.556E-01  0.000E+00
                                          1      0.424  2.444E-01  2.444E-01  0.000E+00
 18   0.441270  -1.0  0   0.00E+00  2 0                          0                      
                                          3      0.315  6.410E-01  6.410E-01  0.000E+00
                                          1      0.441  3.590E-01  3.590E-01  0.000E+00
 19   0.457270  -1.0  0   0.00E+00  2 0                          0                      
                                          3      0.331  8.642E-02  8.642E-02  0.000E+00
                                          1      0.457  9.136E-01  9.136E-01  0.000E+00
 20   0.481500  -1.0  0   0.00E+00  1 0                          0                      
                                          6      0.229  1.000E+00  1.000E+00  0.000E+00
 21   0.498100  -1.0  0   0.00E+00  1 0                          0                      
                                          1      0.498  1.000E+00  1.000E+00  0.000E+00
 22   0.563720  -1.0  0   0.00E+00  3 0                          0                      
                                         19      0.107  7.937E-02  7.937E-02  0.000E+00
                                         10      0.215  1.270E-01  1.270E-01  0.000E+00
                                          3      0.437  7.937E-01  7.937E-01  0.000E+00
 23   0.568800  -1.0  0   0.00E+00  1 0                          0                      
                                          6      0.317  1.000E+00  1.000E+00  0.000E+00
 24   0.573000  -1.0  0   0.00E+00  1 0                          0                      
                                          6      0.321  1.000E+00  1.000E+00  0.000E+00
 25   0.597300  -1.0  0   0.00E+00  2 0                          0                      
                                          7      0.340  7.059E-01  7.059E-01  0.000E+00
                                          5      0.429  2.941E-01  2.941E-01  0.000E+00
 26   0.611900  -1.0  0   0.00E+00  1 0                          0                      
                                          5      0.444  1.000E+00  1.000E+00  0.000E+00
 27   0.631800  -1.0  0   0.00E+00  2 0                          0                      
                                          5      0.464  5.238E-01  5.238E-01  0.000E+00
                                          2      0.631  4.762E-01  4.762E-01  0.000E+00
 28   0.667600  -1.0  0   0.00E+00  1 0                          0                      
                                          6      0.415  1.000E+00  1.000E+00  0.000E+00
 29   0.704400  -1.0  0   0.00E+00  1 0                          0                      
                                         10      0.355  1.000E+00  1.000E+00  0.000E+00
 30   0.711900  -1.0  0   0.00E+00  1 0                          0                      
                                          6      0.460  1.000E+00  1.000E+00  0.000E+00
 31   0.733100  -1.0  0   0.00E+00  2 0                          0                      
                                          7      0.476  1.739E-01  1.739E-01  0.000E+00
                                          4      0.572  8.261E-01  8.261E-01  0.000E+00
 32   0.770820  -1.0  0   0.00E+00  3 0                          0                      
                                         16      0.360  1.579E-01  1.579E-01  0.000E+00
                                         10      0.421  2.632E-01  2.632E-01  0.000E+00
                                          1      0.771  5.789E-01  5.789E-01  0.000E+00
 33   0.784300  -1.0  0   0.00E+00  1 0                          0                      
                                          6      0.532  1.000E+00  1.000E+00  0.000E+00
 34   0.828800  -1.0  0   0.00E+00  2 0                          0                      
                                         17      0.405  2.941E-01  2.941E-01  0.000E+00
                                         16      0.418  7.059E-01  7.059E-01  0.000E+00
 35   0.832600  -1.0  0   0.00E+00  2 0                          0                      
                                          7      0.575  5.000E-01  5.000E-01  0.000E+00
                                          4      0.671  5.000E-01  5.000E-01  0.000E+00
 36   0.843600  -1.0  0   0.00E+00  1 0                          0                      
                                         18      0.402  1.000E+00  1.000E+00  0.000E+00
 37   0.850000  -1.0  0   0.00E+00  1 0                          0                      
                                          4      0.688  1.000E+00  1.000E+00  0.000E+00
 38   0.934800  -1.0  0   0.00E+00  1 0                          0                      
                                         10      0.585  1.000E+00  1.000E+00  0.000E+00
 39   0.952800  -1.0  0   0.00E+00  1 0                          0                      
                                          6      0.701  1.000E+00  1.000E+00  0.000E+00
 40   0.966500  -1.0  0   0.00E+00  1 0                          0                      
                                         10      0.617  1.000E+00  1.000E+00  0.000E+00
 41   1.150700  -1.0  0   0.00E+00  1 0                          0                      
                                         25      0.553  1.000E+00  1.000E+00  0.000E+00
 42   1.169500  -1.0  0   0.00E+00  1 0                          0                      
                                         10      0.820  1.000E+00  1.000E+00  0.000E+00
 43   1.219900  -1.0  0   0.00E+00  1 0                          0                      
                                         31      0.487  1.000E+00  1.000E+00  0.000E+00
 44   1.701060  -1.0  0   0.00E+00  3 0                          0                      
                                         22      1.138  3.600E-01  3.600E-01  0.000E+00
                                         17      1.278  2.800E-01  2.800E-01  0.000E+00
                                          1      1.700  3.600E-01  3.600E-01  0.000E+00
 45   2.048600  -1.0  0   0.00E+00  1 0                          0                      
                                         16      1.637  0.000E+00  0.000E+00  0.000E+00
 46   2.131400  -1.0  0   0.00E+00  2 0                          0                      
                                         19      1.674  7.021E-01  7.021E-01  0.000E+00
                                         16      1.720  2.979E-01  2.979E-01  0.000E+00
 47   2.185800  -1.0  0   0.00E+00  1 0                          0                      
                                         27      1.554  0.000E+00  0.000E+00  0.000E+00
