192Pb  192   82   22   28   20    3   10.331920    3.557866
  1   0.000000   0.0  1   2.10E+02  0 0                      0+  0                      
  2   0.768840   0.0  1   7.50E-10  1 0                      0+  0                      
                                          1      0.768  0.000E+00  0.000E+00  0.000E+00
  3   0.853640   2.0  1   0.00E+00  1 0                      2+  0                      
                                          1      0.854  9.910E-01  1.000E+00  9.110E-03
  4   1.237880   2.0  1   0.00E+00  3 0                    (2+)  0                      
                                          3      0.384  9.045E-02  9.045E-02  0.000E+00
                                          2      0.469  3.618E-02  3.742E-02  3.430E-02
                                          1      1.238  8.683E-01  8.721E-01  4.430E-03
  5   1.355500   4.0  1   0.00E+00  1 0                      4+  0                      
                                          3      0.502  9.717E-01  1.000E+00  2.910E-02
  6   1.430200  -1.0  0   0.00E+00  1 0                          0                      
                                          3      0.577  1.000E+00  1.000E+00  0.000E+00
  7   1.544090   1.0  0   0.00E+00  2 1                    1,2+  0                      
                                          3      0.691  7.692E-01  7.692E-01  0.000E+00
                                          2      0.775  2.308E-01  2.308E-01  0.000E+00
  8   1.859800   5.0 -1   0.00E+00  1 0                    (5)-  0                      
                                          5      0.504  9.907E-01  1.000E+00  9.390E-03
  9   1.920800   6.0  1   0.00E+00  1 0                      6+  0                      
                                          5      0.565  9.785E-01  1.000E+00  2.200E-02
 10   1.983300  -1.0  0   0.00E+00  1 0                          0                      
                                          4      0.745  1.000E+00  1.000E+00  0.000E+00
 11   2.303600   8.0  1   0.00E+00  1 0                      8+  0                      
                                          9      0.383  9.453E-01  1.000E+00  5.790E-02
 12   2.323200   7.0 -1   0.00E+00  2 0                    (7)-  0                      
                                          9      0.402  1.088E-01  1.105E-01  1.522E-02
                                          8      0.463  8.591E-01  8.895E-01  3.540E-02
 13   2.507200   8.0 -1   0.00E+00  1 0                    (8)-  0                      
                                         12      0.184  4.587E-01  1.000E+00  1.180E+00
 14   2.514300   9.0 -1   0.00E+00  2 0                    (9)-  0                      
                                         12      0.191  5.698E-01  8.559E-01  5.020E-01
                                         11      0.211  9.939E-02  1.441E-01  4.500E-01
 15   2.520300   8.0  1   0.00E+00  1 0                    (8)+  0                      
                                          9      0.600  9.811E-01  1.000E+00  1.930E-02
 16   2.562400   8.0  1   0.00E+00  1 0                      8+  0                      
                                          9      0.642  9.837E-01  1.000E+00  1.658E-02
 17   2.581300  10.0  1   9.30E-08  2 0                   (10)+  0                      
                                         15      0.061  0.000E+00  0.000E+00  6.100E+01
                                         14      0.067  7.880E-01  1.000E+00  2.690E-01
 18   2.622400   2.0  1   0.00E+00  2 1               (2+,3,4+)  0                      
                                          5      1.267  4.928E-01  4.928E-01  0.000E+00
                                          3      1.769  5.072E-01  5.072E-01  0.000E+00
 19   2.623100  10.0  1   0.00E+00  0 0                   (10+)  0                      
 20   2.743900  11.0 -1   0.00E+00  2 0                   (11)-  0                      
                                         19      0.121  2.144E-01  2.730E-01  2.730E-01
                                         17      0.163  6.433E-01  7.270E-01  1.302E-01
 21   2.789700   9.0  1   0.00E+00  1 0                    (9+)  0                      
                                         11      0.486  1.000E+00  1.000E+00  0.000E+00
 22   2.894000   7.0  1   0.00E+00  1 1               (7+,8,9-)  0                      
                                         12      0.571  9.790E-01  1.000E+00  2.150E-02
