207Pb  207   82    5    6    4    5    6.737780    7.487646
  1   0.000000   0.5 -1  -1.00E+00  0 0                    1/2-  0                      
  2   0.569699   2.5 -1   1.30E-10  1 0                    5/2-  0                      
                                          1      0.570  9.788E-01  1.000E+00  2.170E-02
  3   0.897790   1.5 -1   0.00E+00  2 0                    3/2-  0                      
                                          2      0.328  5.231E-03  6.978E-03  3.340E-01
                                          1      0.898  9.704E-01  9.930E-01  2.330E-02
  4   1.633358   6.5  1   8.06E-01  1 0                   13/2+  0                      
                                          2      1.064  8.865E-01  1.000E+00  1.280E-01
  5   2.339935   3.5 -1   0.00E+00  2 0                    7/2-  0                      
                                          3      1.442  1.864E-02  1.870E-02  3.370E-03
                                          2      1.770  9.773E-01  9.813E-01  4.100E-03
