224Ra  224   88    5    6    4    5    6.478730    6.845468
  1   0.000000   0.0  1   3.14E+05  0 0                      0+  0                      
  2   0.084400   2.0  1   0.00E+00  1 0                      2+  0                      
                                          1      0.084  4.505E-02  1.000E+00  2.120E+01
  3   0.215750   1.0 -1   0.00E+00  2 0                      1-  0                      
                                          2      0.131  2.995E-01  3.738E-01  2.480E-01
                                          1      0.216  5.823E-01  6.262E-01  7.540E-02
  4   0.251000   4.0  1   0.00E+00  1 0                      4+  0                      
                                          2      0.166  4.621E-01  1.000E+00  1.164E+00
  5   0.290000   3.0 -1   0.00E+00  2 0                      3-  0                      
                                          3      0.074  1.027E-02  4.059E-01  3.850E+01
                                          2      0.206  5.480E-01  5.941E-01  8.420E-02
