 236U  236   92    4    5    3    4    6.545518    7.133290
  1   0.000000   0.0  1   7.39E+14  0 0                      0+  0                      
  2   0.045243   2.0  1   0.00E+00  1 0                      2+  0                      
                                          1      0.045  1.695E-03  1.000E+00  5.890E+02
  3   0.149480   4.0  1   0.00E+00  1 0                      4+  0                      
                                          2      0.104  8.340E-02  1.000E+00  1.099E+01
  4   0.687550   1.0 -1   3.78E-09  3 0                      1-  0                      
                                          3      0.538  7.487E-03  8.985E-03  2.000E-01
                                          2      0.642  6.568E-01  7.553E-01  1.500E-01
                                          1      0.688  1.800E-01  2.357E-01  3.100E-01
