 30Si   30   14    5    6    4    5   10.609199   13.514171
  1   0.000000   0.0  1  -1.00E+00  0 0                      0+  0                      
  2   2.235320   2.0  1   0.00E+00  1 0                      2+  0                      
                                          1      2.235  1.000E+00  1.000E+00  0.000E+00
  3   3.498550   2.0  1   0.00E+00  2 0                      2+  0                      
                                          2      1.263  5.192E-01  5.192E-01  0.000E+00
                                          1      3.498  4.808E-01  4.808E-01  0.000E+00
  4   3.769520   1.0  1   0.00E+00  2 0                      1+  0                      
                                          2      1.534  5.556E-01  5.556E-01  0.000E+00
                                          1      3.769  4.444E-01  4.444E-01  0.000E+00
  5   3.787710   0.0  1   0.00E+00  1 0                      0+  0                      
                                          2      1.552  1.000E+00  1.000E+00  0.000E+00
