  29P   29   15   30   24    8    6   17.876311    2.749023
  1   0.000000   0.5  1   4.14E+00  0 0                    1/2+  0                      
  2   1.383550   1.5  1   0.00E+00  1 0                    3/2+  0                      
                                          1      1.384  1.000E+00  1.000E+00  0.000E+00
  3   1.953910   2.5  1   0.00E+00  2 0                    5/2+  0                      
                                          2      0.570  8.016E-02  8.016E-02  0.000E+00
                                          1      1.954  9.198E-01  9.198E-01  0.000E+00
  4   2.422700   1.5  1   0.00E+00  3 0                    3/2+  0                      
                                          3      0.469  4.015E-02  4.015E-02  0.000E+00
                                          2      1.039  1.197E-01  1.197E-01  0.000E+00
                                          1      2.423  8.401E-01  8.401E-01  0.000E+00
  5   3.105900   2.5  1   0.00E+00  3 0                    5/2+  0                      
                                          3      1.152  2.335E-01  2.335E-01  0.000E+00
                                          2      1.722  7.357E-01  7.357E-01  0.000E+00
                                          1      3.106  3.084E-02  3.084E-02  0.000E+00
  6   4.080500   3.5  1   0.00E+00  3 0                    7/2+  0                      
                                          4      1.658  4.000E-02  4.000E-02  0.000E+00
                                          3      2.127  5.200E-01  5.200E-01  0.000E+00
                                          2      2.697  4.400E-01  4.400E-01  0.000E+00
  7   4.954100   2.5  1   0.00E+00  5 0                  (5/2+)  0                      
                                          5      1.848  2.979E-02  2.979E-02  0.000E+00
                                          4      2.531  1.101E-01  1.101E-01  0.000E+00
                                          3      3.000  1.606E-01  1.606E-01  0.000E+00
                                          2      3.571  5.894E-01  5.894E-01  0.000E+00
                                          1      4.954  1.101E-01  1.101E-01  0.000E+00
  8   5.293000   3.5  1   0.00E+00  3 0                  (7/2+)  0                      
                                          5      2.187  2.082E-01  2.082E-01  0.000E+00
                                          3      3.339  7.361E-01  7.361E-01  0.000E+00
                                          2      3.909  5.569E-02  5.569E-02  0.000E+00
  9   5.826000  -1.0  0   0.00E+00  0 0                          0                      
 10   5.968000   1.5  1   0.00E+00  0 0                    3/2+  0                      
 11   6.328000   0.5  0   0.00E+00  0 1               (1/2,3/2)  0                      
 12   6.505000  -1.0  0   0.00E+00  0 0                          0                      
 13   6.828000   1.5  1   0.00E+00  0 1             (3/2+,5/2+)  0                      
 14   7.148000  -1.0  0   0.00E+00  0 0                          0                      
 15   7.272000   2.5  1   0.00E+00  0 0                  (5/2+)  0                      
 16   7.361000  -1.0  0   0.00E+00  0 0                          0                      
 17   7.523000   1.5  1   0.00E+00  0 0                  (3/2+)  0                      
 18   7.755000   2.5  1   0.00E+00  0 0                  (5/2+)  0                      
 19   8.106000   2.5  1   0.00E+00  0 0                  (5/2+)  0                      
 20   8.234000   1.5  1   0.00E+00  0 0                  (3/2+)  0                      
 21   8.379000   2.5  1   0.00E+00  4 0                  (5/2+)  0                      
                                          7      3.425  1.978E-01  1.978E-01  0.000E+00
                                          4      5.956  2.473E-01  2.473E-01  0.000E+00
                                          3      6.425  4.341E-01  4.341E-01  0.000E+00
                                          2      6.995  1.209E-01  1.209E-01  0.000E+00
 22   8.432000   2.5  1   0.00E+00  0 0                  (5/2+)  0                      
 23   8.532000   1.5  1   0.00E+00  0 1             (3/2+,5/2+)  0                      
 24   8.810000  -1.0  0   0.00E+00  0 0                          0                      
 25   8.865000   0.5  1   0.00E+00  0 1             (1/2+,3/2+)  0                      
 26   9.389000   1.5  1   0.00E+00  0 0                  (3/2+)  0                      
 27   9.715000   1.5  1   0.00E+00  0 1             (3/2+,5/2+)  0                      
 28   9.855000   1.5  1   0.00E+00  0 1             (3/2+,5/2+)  0                      
 29  10.095000  -1.0  0   0.00E+00  0 0                          0                      
 30  10.535000   1.5  1   0.00E+00  0 0                  (3/2+)  0                      
