 88Sr   88   38    5    6    4    5   11.112870   10.612798
  1   0.000000   0.0  1  -1.00E+00  0 0                      0+  0                      
  2   1.836083   2.0  1   0.00E+00  1 0                      2+  0                      
                                          1      1.836  9.996E-01  1.000E+00  3.930E-04
  3   2.734130   3.0 -1   0.00E+00  2 0                      3-  0                      
                                          2      0.898  9.921E-01  9.924E-01  3.070E-04
                                          1      2.734  7.567E-03  7.571E-03  5.640E-04
  4   3.218600   2.0  1   0.00E+00  2 0                      2+  0                      
                                          2      1.382  7.470E-01  7.472E-01  3.250E-04
                                          1      3.220  2.525E-01  2.528E-01  9.310E-04
  5   3.584700   5.0 -1   0.00E+00  1 0                      5-  0                      
                                          3      0.851  9.991E-01  1.000E+00  8.530E-04
