 87Nb   87   41    5    5    3    0   12.811750    3.194441
  1   0.000000   0.5 -1  -1.00E+00  0 0                  (1/2)-  0                      
  2   0.004000   4.5  1   0.00E+00  0 0                  (9/2)+  0                      
  3   0.267000   3.5  1   0.00E+00  1 0                  (7/2)+  0                      
                                          2      0.263  9.832E-01  1.000E+00  1.705E-02
  4   0.334000   2.5 -1   0.00E+00  2 0                  (5/2-)  0                      
                                          3      0.067  1.489E-01  1.489E-01  0.000E+00
                                          1      0.334  8.511E-01  8.511E-01  0.000E+00
  5   0.400800   4.5  1   0.00E+00  2 1          (9/2,7/2,5/2)+  0                      
                                          3      0.134  1.395E-01  1.395E-01  0.000E+00
                                          2      0.397  8.605E-01  8.605E-01  0.000E+00
