  16N   16    7    6    4    3    4    2.488849   11.478209
  1   0.000000   2.0 -1   7.13E+00  0 0                      2-  0                      
  2   0.120420   0.0 -1   0.00E+00  1 0                      0-  0                      
                                          1      0.120  1.000E+00  1.000E+00  0.000E+00
  3   0.298220   3.0 -1   0.00E+00  1 0                      3-  0                      
                                          1      0.298  1.000E+00  1.000E+00  0.000E+00
  4   0.397270   1.0 -1   0.00E+00  2 0                      1-  0                      
                                          2      0.277  7.000E-01  7.000E-01  0.000E+00
                                          1      0.397  3.000E-01  3.000E-01  0.000E+00
  5   3.353000   1.0  1   0.00E+00  0 0                    (1+)  1 =    100.0000 %N     
  6   4.320000   1.0  1   0.00E+00  0 0                      1+  1 =    100.0000 %N     
