  18O   18    8   24   27   11    3    8.045370   15.941866
  1   0.000000   0.0  1  -1.00E+00  0 0                      0+  0                      
  2   1.982050   2.0  1   0.00E+00  1 0                      2+  0                      
                                          1      1.982  1.000E+00  1.000E+00  0.000E+00
  3   3.554130   4.0  1   0.00E+00  1 0                      4+  0                      
                                          2      1.572  1.000E+00  1.000E+00  0.000E+00
  4   3.633700  -1.0  0   0.00E+00  2 0                          0                      
                                          2      1.652  9.970E-01  9.970E-01  0.000E+00
                                          1      3.633  2.966E-03  2.966E-03  0.000E+00
  5   3.920420   2.0  1   0.00E+00  2 0                      2+  0                      
                                          2      1.938  8.735E-01  8.735E-01  0.000E+00
                                          1      3.920  1.265E-01  1.265E-01  0.000E+00
  6   4.455520   1.0 -1   0.00E+00  5 0                      1-  0                      
                                          5      0.535  3.348E-02  3.348E-02  0.000E+00
                                          4      0.822  7.119E-01  7.119E-01  0.000E+00
                                          3      0.901  4.934E-03  4.934E-03  0.000E+00
                                          2      2.473  2.397E-01  2.397E-01  0.000E+00
                                          1      4.455  9.986E-03  9.986E-03  0.000E+00
  7   5.097600   3.0 -1   0.00E+00  3 0                      3-  0                      
                                          5      1.177  2.917E-01  2.917E-01  0.000E+00
                                          3      1.543  6.944E-02  6.944E-02  0.000E+00
                                          2      3.115  6.389E-01  6.389E-01  0.000E+00
  8   5.530170   2.0 -1   0.00E+00  3 0                      2-  0                      
                                          6      1.075  2.186E-01  2.186E-01  0.000E+00
                                          5      1.610  2.322E-01  2.322E-01  0.000E+00
                                          2      3.548  5.492E-01  5.492E-01  0.000E+00
  9   6.198220   1.0 -1   0.00E+00  1 0                      1-  0                      
                                          1      6.197  1.000E+00  1.000E+00  0.000E+00
 10   6.349800   2.0 -1   0.00E+00  3 0                    (2-)  0                      
                                          6      1.894  1.412E-01  1.412E-01  0.000E+00
                                          5      2.430  5.382E-01  5.382E-01  0.000E+00
                                          2      4.366  3.206E-01  3.206E-01  0.000E+00
 11   6.880450   0.0 -1   0.00E+00  3 0                      0-  0                      
                                          9      0.682  1.815E-02  1.815E-02  0.000E+00
                                          8      1.350  7.261E-02  7.261E-02  0.000E+00
                                          6      2.425  9.092E-01  9.092E-01  0.000E+00
 12   7.620000   1.0 -1   0.00E+00  0 0                      1-  1 =    100.0000 %A     
 13   7.771070   2.0 -1   0.00E+00  3 0                      2-  0                      
                                          7      2.673  2.791E-01  2.791E-01  0.000E+00
                                          6      3.315  1.079E-01  1.079E-01  0.000E+00
                                          2      5.788  6.130E-01  6.130E-01  0.000E+00
 14   8.040000   1.0 -1   0.00E+00  0 0                      1-  1 =    100.0000 %A     
 15   9.000000   1.0 -1   0.00E+00  0 0                    (1-)  1 =    100.0000 %A     
 16   9.090000   0.0 -1   0.00E+00  0 1                (0,1,2)-  1 =    100.0000 %N     
 17   9.270000   0.0 -1   0.00E+00  0 1                (0,1,2)-  1 =    100.0000 %N     
 18   9.470000   0.0 -1   0.00E+00  0 1                (0,1,2)-  1 =    100.0000 %N     
 19   9.690000   0.0 -1   0.00E+00  0 1                (0,1,2)-  1 =    100.0000 %N     
 20   9.910000   0.0 -1   0.00E+00  0 1                (0,1,2)-  1 =    100.0000 %N     
 21  10.240000   0.0 -1   0.00E+00  0 1                (0,1,2)-  1 =    100.0000 %N     
 22  10.650000   0.0 -1   0.00E+00  0 1                (0,1,2)-  1 =    100.0000 %N     
 23  10.990000   0.0 -1   0.00E+00  0 1                (0,1,2)-  1 =    100.0000 %N     
 24  11.490000   0.0 -1   0.00E+00  0 1                (0,1,2)-  1 =    100.0000 %N     
