 23Na   23   11    4    5    3    4   12.419780    8.794109
  1   0.000000   1.5  1  -1.00E+00  0 0                    3/2+  0                      
  2   0.440300   2.5  1   0.00E+00  1 0                    5/2+  0                      
                                          1      0.441  9.999E-01  1.000E+00  5.450E-05
  3   2.076900   3.5  1   0.00E+00  2 0                    7/2+  0                      
                                          2      1.637  9.082E-01  9.083E-01  1.120E-04
                                          1      2.077  9.171E-02  9.175E-02  3.500E-04
  4   2.981800   1.5  1   0.00E+00  2 0                    3/2+  0                      
                                          2      2.541  4.160E-01  4.162E-01  4.730E-04
                                          1      2.982  5.834E-01  5.838E-01  6.510E-04
