 24Mg   24   12    5    6    4    5   16.531222   11.692696
  1   0.000000   0.0  1  -1.00E+00  0 0                      0+  0                      
  2   1.368667   2.0  1   0.00E+00  1 0                      2+  0                      
                                          1      1.369  1.000E+00  1.000E+00  1.300E-05
  3   4.122844   4.0  1   0.00E+00  1 0                      4+  0                      
                                          2      2.754  1.000E+00  1.000E+00  0.000E+00
  4   4.238380   2.0  1   0.00E+00  2 0                      2+  0                      
                                          2      2.871  2.294E-01  2.294E-01  0.000E+00
                                          1      4.239  7.706E-01  7.706E-01  0.000E+00
  5   5.235210   3.0  1   0.00E+00  2 0                      3+  0                      
                                          4      0.997  2.996E-02  2.996E-02  0.000E+00
                                          2      3.866  9.700E-01  9.700E-01  0.000E+00
