 28Mg   28   12   15   18   14    8    8.504669   16.791126
  1   0.000000   0.0  1   7.53E+04  0 0                      0+  0                      
  2   1.473550   2.0  1   0.00E+00  1 0                      2+  0                      
                                          1      1.474  1.000E+00  1.000E+00  0.000E+00
  3   3.862150   0.0  1   0.00E+00  1 0                      0+  0                      
                                          2      2.389  1.000E+00  1.000E+00  0.000E+00
  4   4.021100   4.0  1   0.00E+00  1 0                      4+  0                      
                                          2      2.548  1.000E+00  1.000E+00  0.000E+00
  5   4.554600   2.0  1   0.00E+00  1 0                      2+  0                      
                                          2      3.082  1.000E+00  1.000E+00  0.000E+00
  6   4.561000   1.0  1   0.00E+00  1 0                      1+  0                      
                                          2      3.087  1.000E+00  1.000E+00  0.000E+00
  7   4.878700   2.0  1   0.00E+00  1 0                      2+  0                      
                                          2      3.405  1.000E+00  1.000E+00  0.000E+00
  8   5.171500   3.0 -1   0.00E+00  2 0                      3-  0                      
                                          4      1.151  2.500E-01  2.500E-01  0.000E+00
                                          2      3.697  7.500E-01  7.500E-01  0.000E+00
  9   5.193100   1.0  0   0.00E+00  1 0                       1  0                      
                                          1      5.193  1.000E+00  1.000E+00  0.000E+00
 10   5.270100   1.0  1   0.00E+00  1 0                      1+  0                      
                                          1      5.270  1.000E+00  1.000E+00  0.000E+00
 11   5.470200   2.0  0   0.00E+00  1 0                       2  0                      
                                          2      3.996  1.000E+00  1.000E+00  0.000E+00
 12   5.916900   0.0  1   0.00E+00  1 1                (0,1,2)+  0                      
                                          2      4.443  1.000E+00  1.000E+00  0.000E+00
 13   6.545000   2.0  1   0.00E+00  2 0                    (2+)  0                      
                                          8      1.373  3.333E-01  3.333E-01  0.000E+00
                                          5      1.991  6.667E-01  6.667E-01  0.000E+00
 14   7.200900   0.0  1   0.00E+00  1 1                (0,1,2)+  0                      
                                          9      2.008  1.000E+00  1.000E+00  0.000E+00
 15   7.461800   2.0  1   0.00E+00  3 0                    (2+)  0                      
                                         10      2.192  5.333E-01  5.333E-01  0.000E+00
                                          8      2.291  6.667E-02  6.667E-02  0.000E+00
                                          5      2.907  4.000E-01  4.000E-01  0.000E+00
