 33Al   33   13   14   12    7    0    5.469332   14.957452
  1   0.000000   2.5  1  -1.00E+00  0 0                  (5/2)+  0                      
  2   1.617900   0.5  1   0.00E+00  1 0             (1/2+:9/2+)  0                      
                                          1      1.618  1.000E+00  1.000E+00  0.000E+00
  3   1.838200   1.5 -1   0.00E+00  1 1             (3/2-,5/2-)  0                      
                                          1      1.838  1.000E+00  1.000E+00  0.000E+00
  4   2.365100   1.5 -1   0.00E+00  1 1             (3/2-,5/2-)  0                      
                                          1      2.365  1.000E+00  1.000E+00  0.000E+00
  5   3.264500  -1.0  0   0.00E+00  1 0                          0                      
                                          2      1.647  1.000E+00  1.000E+00  0.000E+00
  6   3.714200   1.5 -1   0.00E+00  2 1             (3/2-,5/2-)  0                      
                                          2      2.096  5.294E-01  5.294E-01  0.000E+00
                                          1      3.714  4.706E-01  4.706E-01  0.000E+00
  7   4.310300   0.5 -1   0.00E+00  3 1        (1/2-,3/2-,5/2-)  0                      
                                          6      0.596  3.846E-01  3.846E-01  0.000E+00
                                          5      1.046  3.077E-01  3.077E-01  0.000E+00
                                          2      2.692  3.077E-01  3.077E-01  0.000E+00
  8   4.730400   1.5 -1   0.00E+00  3 1             (3/2-,5/2-)  0                      
                                          5      1.466  1.875E-01  1.875E-01  0.000E+00
                                          3      2.892  1.875E-01  1.875E-01  0.000E+00
                                          1      4.730  6.250E-01  6.250E-01  0.000E+00
  9   5.930000   0.5 -1   0.00E+00  0 1        (1/2-,3/2-,5/2-)  0                      
 10   5.980000   0.5 -1   0.00E+00  0 1        (1/2-,3/2-,5/2-)  0                      
 11   6.820000   0.5 -1   0.00E+00  0 1        (1/2-,3/2-,5/2-)  0                      
 12   7.250000   0.5 -1   0.00E+00  0 1        (1/2-,3/2-,5/2-)  0                      
 13   7.470000   0.5 -1   0.00E+00  0 1        (1/2-,3/2-,5/2-)  0                      
 14   8.870000   0.5 -1   0.00E+00  0 1        (1/2-,3/2-,5/2-)  0                      
