 30Al   30   13    4    5    3    4    5.727672   12.540728
  1   0.000000   3.0  1  -1.00E+00  0 0                      3+  0                      
  2   0.244100   2.0  1   0.00E+00  1 0                      2+  0                      
                                          1      0.244  1.000E+00  1.000E+00  0.000E+00
  3   0.688000   1.0  1   0.00E+00  2 0                      1+  0                      
                                          2      0.444  9.766E-01  9.766E-01  0.000E+00
                                          1      0.688  2.340E-02  2.340E-02  0.000E+00
  4   2.413500   1.0  1   0.00E+00  2 0                      1+  0                      
                                          3      1.725  6.465E-01  6.465E-01  0.000E+00
                                          2      2.169  3.535E-01  3.535E-01  0.000E+00
