 29Al   29   13   15   12    7    5    9.428361   10.476788
  1   0.000000   2.5  1  -1.00E+00  0 0                    5/2+  0                      
  2   1.398050   0.5  1   0.00E+00  1 0                    1/2+  0                      
                                          1      1.398  1.000E+00  1.000E+00  0.000E+00
  3   1.754270   3.5  1   0.00E+00  1 0                    7/2+  0                      
                                          1      1.754  1.000E+00  1.000E+00  0.000E+00
  4   2.224100   1.5  1   0.00E+00  1 0                    3/2+  0                      
                                          1      2.224  1.000E+00  1.000E+00  0.000E+00
  5   2.865600   1.5  1   0.00E+00  2 0                    3/2+  0                      
                                          2      1.468  4.675E-01  4.675E-01  0.000E+00
                                          1      2.865  5.325E-01  5.325E-01  0.000E+00
  6   3.061700   2.5  1   0.00E+00  2 0                  (5/2)+  0                      
                                          3      1.307  7.581E-01  7.581E-01  0.000E+00
                                          1      3.062  2.419E-01  2.419E-01  0.000E+00
  7   3.184540   2.5  1   0.00E+00  4 0                    5/2+  0                      
                                          4      0.960  5.792E-01  5.792E-01  0.000E+00
                                          3      1.430  2.703E-01  2.703E-01  0.000E+00
                                          2      1.786  1.081E-01  1.081E-01  0.000E+00
                                          1      3.184  4.247E-02  4.247E-02  0.000E+00
  8   3.433000   0.5  1   0.00E+00  1 0                    1/2+  0                      
                                          2      2.035  1.000E+00  1.000E+00  0.000E+00
  9   3.577600   4.5  1   0.00E+00  0 0                  (9/2)+  0                      
 10   3.641500   2.5  1   0.00E+00  0 0                  (5/2)+  0                      
 11   3.671700   1.5  1   0.00E+00  0 1              (3/2,5/2)+  0                      
 12   3.935200   1.5  1   0.00E+00  0 1              (3/2,7/2)+  0                      
 13   4.057000   0.5  1   0.00E+00  0 1              (1/2,3/2)+  0                      
 14   4.219600   2.5  1   0.00E+00  0 0                    5/2+  0                      
 15   4.403100   3.5  1   0.00E+00  0 0                  (7/2)+  0                      
