 32Si   32   14    6    5    4    4    9.199970   16.415951
  1   0.000000   0.0  1   4.95E+09  0 0                      0+  0                      
  2   1.941400   2.0  1   0.00E+00  1 0                      2+  0                      
                                          1      1.941  1.000E+00  1.000E+00  0.000E+00
  3   4.230800   2.0  1   0.00E+00  2 0                      2+  0                      
                                          2      2.289  4.400E-01  4.400E-01  0.000E+00
                                          1      4.230  5.600E-01  5.600E-01  0.000E+00
  4   4.983900   0.0  1   0.00E+00  1 0                      0+  0                      
                                          2      3.042  1.000E+00  1.000E+00  0.000E+00
  5   5.785700   0.0  1   0.00E+00  1 1                (0,1,2)+  0                      
                                          2      3.844  1.000E+00  1.000E+00  0.000E+00
  6   9.200000  -1.0  0   0.00E+00  0 0                          0                      
