 37Si   37   14    5    6    3    0    2.206705   19.810868
  1   0.000000   2.5 -1  -1.00E+00  0 0                  (5/2-)  0                      
  2   0.068000   3.5 -1   0.00E+00  0 0                  (7/2-)  0                      
  3   0.156000   1.5 -1   0.00E+00  1 0                  (3/2-)  0                      
                                          1      0.156  9.987E-01  1.000E+00  1.270E-03
  4   0.717000   1.5  1   0.00E+00  2 0                  (3/2+)  0                      
                                          3      0.562  7.037E-01  7.037E-01  0.000E+00
                                          1      0.717  2.963E-01  2.963E-01  0.000E+00
  5   1.270000   2.5  1   0.00E+00  3 0                  (5/2+)  0                      
                                          3      1.115  3.414E-01  3.414E-01  0.000E+00
                                          2      1.202  2.683E-01  2.683E-01  0.000E+00
                                          1      1.270  3.902E-01  3.903E-01  1.140E-04
