 31Si   31   14    5    6    4    5    6.587393   14.373892
  1   0.000000   1.5  1   9.43E+03  0 0                    3/2+  0                      
  2   0.752200   0.5  1   5.30E-13  1 0                    1/2+  0                      
                                          1      0.752  1.000E+00  1.000E+00  0.000E+00
  3   1.694830   2.5  1   5.70E-13  1 0                    5/2+  0                      
                                          1      1.695  9.998E-01  1.000E+00  1.785E-04
  4   2.316700   1.5  1   3.80E-14  3 0                    3/2+  0                      
                                          3      0.622  1.147E-01  1.147E-01  0.000E+00
                                          2      1.564  2.359E-01  2.359E-01  0.000E+00
                                          1      2.317  6.492E-01  6.494E-01  3.950E-04
  5   2.787700   2.5  1   1.40E-14  1 0                    5/2+  0                      
                                          1      2.788  9.994E-01  1.000E+00  5.820E-04
