  38S   38   16    5    5    4    2    8.036108   15.154175
  1   0.000000   0.0  1  -1.00E+00  0 0                      0+  0                      
  2   1.292300   2.0  1   0.00E+00  1 0                      2+  0                      
                                          1      1.292  1.000E+00  1.000E+00  0.000E+00
  3   3.516500   1.0  0   0.00E+00  2 1                  (1,2+)  0                      
                                          2      2.224  6.389E-01  6.389E-01  0.000E+00
                                          1      3.516  3.611E-01  3.611E-01  0.000E+00
  4   4.990500   2.0  1   0.00E+00  1 0                    (2+)  0                      
                                          2      3.698  1.000E+00  1.000E+00  0.000E+00
  5   6.005900   3.0 -1   0.00E+00  1 0                    (3-)  0                      
                                          2      4.713  1.000E+00  1.000E+00  0.000E+00
