 47Ca   47   20    5    6    4    4    7.276374   14.219707
  1   0.000000   3.5 -1   3.92E+05  0 0                    7/2-  1 =    100.0000 %B-    
  2   2.013510   1.5 -1   0.00E+00  1 0                    3/2-  0                      
                                          1      2.013  9.997E-01  1.000E+00  3.420E-04
  3   2.578310   1.5  1   0.00E+00  2 0                    3/2+  0                      
                                          2      0.565  7.031E-01  7.032E-01  1.400E-04
                                          1      2.578  2.967E-01  2.968E-01  3.360E-04
  4   2.599520   0.5  1   0.00E+00  2 0                    1/2+  0                      
                                          2      0.586  9.869E-01  9.871E-01  1.280E-04
                                          1      2.599  1.294E-02  1.294E-02  0.000E+00
  5   4.524700   1.5  1   0.00E+00  1 0                  (3/2+)  0                      
                                          2      2.511  1.000E+00  1.000E+00  0.000E+00
