 48Ti   48   22    5    5    4    5   11.626658   11.445080
  1   0.000000   0.0  1  -1.00E+00  0 0                      0+  0                      
  2   0.983536   2.0  1   0.00E+00  1 0                      2+  0                      
                                          1      0.984  9.999E-01  1.000E+00  1.261E-04
  3   2.295674   4.0  1   0.00E+00  1 0                      4+  0                      
                                          2      1.312  1.000E+00  1.000E+00  0.000E+00
  4   3.333208   6.0  1   0.00E+00  1 0                      6+  0                      
                                          3      1.038  9.999E-01  1.000E+00  1.108E-04
  5   3.508569   6.0  1   0.00E+00  2 0                      6+  0                      
                                          4      0.175  7.558E-01  7.592E-01  4.490E-03
                                          3      1.213  2.408E-01  2.408E-01  0.000E+00
