 58Fe   58   26    6    5    5    5   10.044572   11.957963
  1   0.000000   0.0  1  -1.00E+00  0 0                      0+  0                      
  2   0.810760   2.0  1   0.00E+00  1 0                      2+  0                      
                                          1      0.811  0.000E+00  0.000E+00  3.320E-04
  3   2.876400   2.0  1   0.00E+00  1 0                      2+  0                      
                                          2      2.066  1.000E+00  1.000E+00  0.000E+00
  4   3.083730   2.0  1   0.00E+00  1 0                      2+  0                      
                                          2      2.273  0.000E+00  0.000E+00  0.000E+00
  5   3.243870   0.0  1   0.00E+00  1 0                      0+  0                      
                                          2      2.433  1.000E+00  1.000E+00  0.000E+00
  6   4.530170   1.0  0   0.00E+00  1 1                     1,2  0                      
                                          4      1.446  1.000E+00  1.000E+00  0.000E+00
