 65Co   65   27   10   11    9    0    7.464082   11.504625
  1   0.000000   3.5 -1  -1.00E+00  0 0                  (7/2-)  0                      
  2   1.441100   2.5 -1   0.00E+00  1 1             (5/2-,7/2-)  0                      
                                          1      1.441  1.000E+00  1.000E+00  0.000E+00
  3   1.479410   4.5 -1   0.00E+00  1 0                  (9/2-)  0                      
                                          1      1.480  1.000E+00  1.000E+00  0.000E+00
  4   1.625500   2.5 -1   0.00E+00  1 1             (5/2-,7/2-)  0                      
                                          1      1.625  1.000E+00  1.000E+00  0.000E+00
  5   1.642170   5.5 -1   0.00E+00  1 0                 (11/2-)  0                      
                                          1      1.642  1.000E+00  1.000E+00  0.000E+00
  6   2.443300  -1.0  0   0.00E+00  1 0                          0                      
                                          1      2.443  1.000E+00  1.000E+00  0.000E+00
  7   2.478900   5.5 -1   0.00E+00  2 0                 (11/2-)  0                      
                                          5      0.837  4.375E-01  4.375E-01  0.000E+00
                                          3      1.000  5.625E-01  5.625E-01  0.000E+00
  8   2.557600  -1.0  0   0.00E+00  1 0                          0                      
                                          1      2.558  1.000E+00  1.000E+00  0.000E+00
  9   2.891900  -1.0  0   0.00E+00  2 0                          0                      
                                          7      0.413  1.057E-01  1.057E-01  0.000E+00
                                          3      1.413  8.943E-01  8.943E-01  0.000E+00
 10   2.896100  -1.0  0   0.00E+00  1 0                          0                      
                                          1      2.896  1.000E+00  1.000E+00  0.000E+00
