 69Ni   69   28    5    4    3    0    4.586152   15.625036
  1   0.000000   4.5  1   1.14E+01  0 0                  (9/2+)  0                      
  2   0.321000   0.5 -1   3.50E+00  0 0                  (1/2-)  0                      
  3   0.915300   2.5 -1   0.00E+00  1 0                  (5/2-)  0                      
                                          2      0.594  1.000E+00  1.000E+00  0.000E+00
  4   1.517600   2.5 -1   0.00E+00  2 0                  (5/2-)  0                      
                                          3      0.602  4.419E-01  4.419E-01  0.000E+00
                                          2      1.196  5.581E-01  5.581E-01  0.000E+00
  5   1.821200  -1.0  0   0.00E+00  1 0                          0                      
                                          4      0.304  1.000E+00  1.000E+00  0.000E+00
