 70Ni   70   28    6    5    5    4    7.306531   16.117392
  1   0.000000   0.0  1   6.00E+00  0 0                      0+  0                      
  2   1.259000   2.0  1   0.00E+00  1 0                      2+  0                      
                                          1      1.259  1.000E+00  1.000E+00  0.000E+00
  3   2.228700   4.0  1   0.00E+00  1 0                      4+  0                      
                                          2      0.970  1.000E+00  1.000E+00  0.000E+00
  4   2.677200   6.0  1   0.00E+00  1 0                      6+  0                      
                                          3      0.449  1.000E+00  1.000E+00  0.000E+00
  5   2.911800   5.0  0   0.00E+00  1 1                  (5,6+)  0                      
                                          4      0.235  1.000E+00  1.000E+00  0.000E+00
  6   3.592400  -1.0  0   0.00E+00  1 0                          0                      
                                          4      0.915  1.000E+00  1.000E+00  0.000E+00
