 67Cu   67   29    7    7    6    3    9.132582    8.602231
  1   0.000000   1.5 -1   2.23E+05  0 0                    3/2-  0                      
  2   1.115400   2.5 -1   0.00E+00  1 0                    5/2-  0                      
                                          1      1.115  1.000E+00  1.000E+00  0.000E+00
  3   1.937100   1.5 -1   0.00E+00  2 0                    3/2-  0                      
                                          2      0.822  4.219E-01  4.219E-01  0.000E+00
                                          1      1.937  5.781E-01  5.781E-01  0.000E+00
  4   2.272000   0.5 -1   0.00E+00  1 1              (1/2,3/2)-  0                      
                                          1      2.272  1.000E+00  1.000E+00  0.000E+00
  5   2.623100   0.5 -1   0.00E+00  1 1              (1/2,3/2)-  0                      
                                          1      2.623  1.000E+00  1.000E+00  0.000E+00
  6   2.680100   1.5 -1   0.00E+00  1 0                    3/2-  0                      
                                          1      2.680  1.000E+00  1.000E+00  0.000E+00
  7   2.841100   0.5 -1   0.00E+00  1 1              (1/2,3/2)-  0                      
                                          1      2.841  1.000E+00  1.000E+00  0.000E+00
