 68Zn   68   30   11   13   10    5   10.198096    9.976572
  1   0.000000   0.0  1  -1.00E+00  0 0                      0+  0                      
  2   1.077700   2.0  1   0.00E+00  1 0                      2+  0                      
                                          1      1.078  9.998E-01  1.000E+00  2.470E-04
  3   1.655900   0.0  1   0.00E+00  1 0                      0+  0                      
                                          2      0.578  9.987E-01  1.000E+00  1.277E-03
  4   1.884300   2.0  1   0.00E+00  2 0                      2+  0                      
                                          2      0.807  2.580E-01  2.581E-01  4.690E-04
                                          1      1.884  7.417E-01  7.419E-01  3.330E-04
  5   2.339500   2.0  1   0.00E+00  2 0                      2+  0                      
                                          2      1.262  9.069E-01  9.071E-01  1.727E-04
                                          1      2.340  9.288E-02  9.293E-02  5.290E-04
  6   2.370600  -1.0  0   0.00E+00  1 0                          0                      
                                          2      1.293  1.000E+00  1.000E+00  0.000E+00
  7   2.510500  -1.0  0   0.00E+00  1 0                          0                      
                                          2      1.433  1.000E+00  1.000E+00  0.000E+00
  8   2.753400   3.0 -1   0.00E+00  1 0                      3-  0                      
                                          2      1.676  9.996E-01  1.000E+00  4.460E-04
  9   2.821400   2.0  1   0.00E+00  1 0                      2+  0                      
                                          2      1.744  9.998E-01  1.000E+00  2.410E-04
 10   3.186700   1.0  0   0.00E+00  2 1                  (1,2+)  0                      
                                          3      1.530  3.571E-01  3.571E-01  0.000E+00
                                          2      2.110  6.429E-01  6.429E-01  0.000E+00
 11   3.490300  -1.0  0   0.00E+00  1 0                          0                      
                                          8      0.737  1.000E+00  1.000E+00  0.000E+00
