 68Zn   68   30   13   14   12    3   10.198096    9.976572
  1   0.000000   0.0  1  -1.00E+00  0 0                      0+  0                      
  2   1.077600   2.0  1   0.00E+00  1 0                      2+  0                      
                                          1      1.078  9.998E-01  1.000E+00  2.470E-04
  3   2.339500   2.0  1   0.00E+00  2 0                      2+  0                      
                                          2      1.262  8.996E-01  8.997E-01  1.727E-04
                                          1      2.340  1.002E-01  1.003E-01  5.290E-04
  4   2.370600  -1.0  0   0.00E+00  1 0                          0                      
                                          2      1.293  1.000E+00  1.000E+00  0.000E+00
  5   2.418200   4.0  1   0.00E+00  1 0                      4+  0                      
                                          2      1.341  9.998E-01  1.000E+00  1.910E-04
  6   2.510500  -1.0  0   0.00E+00  1 0                          0                      
                                          2      1.433  1.000E+00  1.000E+00  0.000E+00
  7   2.821400   2.0  1   0.00E+00  1 0                      2+  0                      
                                          2      1.744  9.998E-01  1.000E+00  2.410E-04
  8   2.956200  -1.0  0   0.00E+00  1 0                          0                      
                                          4      0.586  1.000E+00  1.000E+00  0.000E+00
  9   3.459200   5.0 -1   0.00E+00  1 0                      5-  0                      
                                          5      1.041  9.999E-01  1.000E+00  1.200E-04
 10   3.610800   6.0 -1   0.00E+00  1 0                    (6)-  0                      
                                          9      0.152  9.798E-01  1.000E+00  2.060E-02
 11   3.725300  -1.0  0   0.00E+00  1 0                          0                      
                                          3      1.386  1.000E+00  1.000E+00  0.000E+00
 12   3.733000  -1.0  0   0.00E+00  1 0                          0                      
                                          6      1.222  1.000E+00  1.000E+00  0.000E+00
 13   3.971000  -1.0  0   0.00E+00  2 0                          0                      
                                          8      1.014  7.586E-01  7.586E-01  0.000E+00
                                          7      1.149  2.414E-01  2.414E-01  0.000E+00
