 67Zn   67   30    4    6    3    4    7.052466    8.911058
  1   0.000000   2.5 -1  -1.00E+00  0 0                    5/2-  0                      
  2   0.093311   0.5 -1   9.10E-06  1 0                    1/2-  0                      
                                          1      0.093  5.339E-01  1.000E+00  8.730E-01
  3   0.184577   1.5 -1   0.00E+00  2 0                    3/2-  0                      
                                          2      0.091  1.225E-01  1.326E-01  8.300E-02
                                          1      0.185  8.520E-01  8.674E-01  1.800E-02
  4   0.393530   1.5 -1   0.00E+00  3 0                    3/2-  0                      
                                          3      0.209  1.015E-01  1.024E-01  9.130E-03
                                          2      0.300  7.034E-01  7.034E-01  0.000E+00
                                          1      0.394  1.942E-01  1.942E-01  0.000E+00
