 84As   84   33    6    5    5    0    4.255555   12.166097
  1   0.000000   3.0 -1  -1.00E+00  0 0                    (3-)  0                      
  2   0.099900  -1.0  0   0.00E+00  1 0                          0                      
                                          1      0.100  1.000E+00  1.000E+00  0.000E+00
  3   0.142600  -1.0  0   0.00E+00  1 0                          0                      
                                          2      0.043  1.000E+00  1.000E+00  0.000E+00
  4   0.242400  -1.0  0   0.00E+00  1 0                          0                      
                                          1      0.242  1.000E+00  1.000E+00  0.000E+00
  5   0.589500  -1.0  0   0.00E+00  1 0                          0                      
                                          4      0.347  0.000E+00  0.000E+00  0.000E+00
  6   1.198300  -1.0  0   0.00E+00  1 0                          0                      
                                          5      0.609  0.000E+00  0.000E+00  0.000E+00
