 85Se   85   34   37   46   29    0    4.537233   13.849048
  1   0.000000   2.5  1   3.29E+01  0 0                  (5/2)+  0                      
  2   0.461900   0.5  1   0.00E+00  1 0                    1/2+  0                      
                                          1      0.462  1.000E+00  1.000E+00  0.000E+00
  3   1.115010   3.5  1   0.00E+00  1 0                  (7/2)+  0                      
                                          1      1.115  1.000E+00  1.000E+00  0.000E+00
  4   1.436690   4.5  1   0.00E+00  2 0                  (9/2+)  0                      
                                          3      0.322  1.382E-01  1.382E-01  0.000E+00
                                          1      1.438  8.618E-01  8.618E-01  0.000E+00
  5   1.444420   1.5  1   0.00E+00  3 1             (3/2+,5/2+)  0                      
                                          3      0.329  1.132E-01  1.132E-01  0.000E+00
                                          2      0.983  7.547E-02  7.547E-02  0.000E+00
                                          1      1.444  8.113E-01  8.113E-01  0.000E+00
  6   1.610100   0.5  0   0.00E+00  1 1          (1/2,3/2,5/2+)  0                      
                                          2      1.148  1.000E+00  1.000E+00  0.000E+00
  7   1.635200  -1.0  0   0.00E+00  1 0                          0                      
                                          1      1.635  1.000E+00  1.000E+00  0.000E+00
  8   1.804800  -1.0  0   0.00E+00  1 0                          0                      
                                          1      1.805  1.000E+00  1.000E+00  0.000E+00
  9   1.990100  -1.0  0   0.00E+00  2 0                          0                      
                                          5      0.546  3.750E-01  3.750E-01  0.000E+00
                                          3      0.875  6.250E-01  6.250E-01  0.000E+00
 10   2.003400   0.5  0   0.00E+00  2 1          (1/2,3/2,5/2+)  0                      
                                          2      1.542  2.500E-01  2.500E-01  0.000E+00
                                          1      2.003  7.500E-01  7.500E-01  0.000E+00
 11   2.137800  -1.0  0   0.00E+00  2 0                          0                      
                                          9      0.148  5.000E-01  5.000E-01  0.000E+00
                                          6      0.528  5.000E-01  5.000E-01  0.000E+00
 12   2.145900  -1.0  0   0.00E+00  2 0                          0                      
                                          9      0.157  2.500E-01  2.500E-01  0.000E+00
                                          1      2.146  7.500E-01  7.500E-01  0.000E+00
 13   2.451000  -1.0  0   0.00E+00  1 0                          0                      
                                          3      1.336  1.000E+00  1.000E+00  0.000E+00
 14   2.781000  -1.0  0   0.00E+00  3 0                          0                      
                                          9      0.789  0.000E+00  0.000E+00  0.000E+00
                                          5      1.336  0.000E+00  0.000E+00  0.000E+00
                                          3      1.667  0.000E+00  0.000E+00  0.000E+00
 15   3.058400  -1.0  0   0.00E+00  2 0                          0                      
                                          5      1.615  1.325E-01  1.325E-01  0.000E+00
                                          4      1.621  8.675E-01  8.675E-01  0.000E+00
 16   3.954000  -1.0  0   0.00E+00  2 0                          0                      
                                          5      2.510  0.000E+00  0.000E+00  0.000E+00
                                          3      2.839  1.000E+00  1.000E+00  0.000E+00
 17   4.126000  -1.0  0   0.00E+00  1 0                          0                      
                                          1      4.126  1.000E+00  1.000E+00  0.000E+00
 18   4.219100  -1.0  0   0.00E+00  1 0                          0                      
                                          5      2.775  1.000E+00  1.000E+00  0.000E+00
 19   4.283000  -1.0  0   0.00E+00  1 0                          0                      
                                          1      4.283  1.000E+00  1.000E+00  0.000E+00
 20   4.291300  -1.0  0   0.00E+00  1 0                          0                      
                                          1      4.291  1.000E+00  1.000E+00  0.000E+00
 21   4.369000  -1.0  0   0.00E+00  1 0                          0                      
                                          1      4.369  1.000E+00  1.000E+00  0.000E+00
 22   4.498000  -1.0  0   0.00E+00  2 0                          0                      
                                          4      3.061  7.143E-01  7.143E-01  0.000E+00
                                          1      4.498  2.857E-01  2.857E-01  0.000E+00
 23   4.557500  -1.0  0   0.00E+00  1 0                          0                      
                                          1      4.557  1.000E+00  1.000E+00  0.000E+00
 24   4.560400  -1.0  0   0.00E+00  1 0                          0                      
                                          1      4.560  1.000E+00  1.000E+00  0.000E+00
 25   4.636100  -1.0  0   0.00E+00  3 0                          0                      
                                          9      2.647  1.538E-01  1.538E-01  0.000E+00
                                          5      3.191  3.077E-01  3.077E-01  0.000E+00
                                          1      4.636  5.385E-01  5.385E-01  0.000E+00
 26   4.654000  -1.0  0   0.00E+00  1 0                          0                      
                                          1      4.654  1.000E+00  1.000E+00  0.000E+00
 27   4.666900  -1.0  0   0.00E+00  1 0                          0                      
                                          1      4.667  1.000E+00  1.000E+00  0.000E+00
 28   4.709230  -1.0  0   0.00E+00  3 0                          0                      
                                          5      3.265  5.556E-01  5.556E-01  0.000E+00
                                          3      3.594  2.222E-01  2.222E-01  0.000E+00
                                          1      4.709  2.222E-01  2.222E-01  0.000E+00
 29   4.792200  -1.0  0   0.00E+00  1 0                          0                      
                                          1      4.792  1.000E+00  1.000E+00  0.000E+00
 30   5.164810  -1.0  0   0.00E+00  2 0                          0                      
                                          3      4.050  7.608E-01  7.608E-01  0.000E+00
                                          1      5.165  2.392E-01  2.392E-01  0.000E+00
 31   6.055000   2.5 -1   0.00E+00  0 0                  (5/2-)  0                      
 32   6.931000   1.5 -1   0.00E+00  0 0                  (3/2-)  0                      
 33   7.160000   0.5 -1   0.00E+00  0 0                  (1/2-)  0                      
 34   7.187000   0.5 -1   0.00E+00  0 0                  (1/2-)  0                      
 35   7.377000   2.5 -1   0.00E+00  0 0                  (5/2-)  0                      
 36   8.090000   1.5 -1   0.00E+00  0 0                  (3/2-)  0                      
 37   4.537000  -1.0  0   0.00E+00  0 0                          0                      
