 83Br   83   35   25  102   24    2    9.586363    8.708797
  1   0.000000   1.5 -1   8.55E+03  0 0                    3/2-  0                      
  2   0.356733   2.5 -1   0.00E+00  1 0                    5/2-  0                      
                                          1      0.357  9.957E-01  1.000E+00  4.280E-03
  3   0.799223   2.5 -1   0.00E+00  2 1              (5/2,7/2)-  0                      
                                          2      0.442  6.843E-02  6.843E-02  0.000E+00
                                          1      0.799  9.316E-01  9.316E-01  0.000E+00
  4   0.866930   3.5 -1   0.00E+00  2 0                    7/2-  0                      
                                          2      0.510  8.369E-01  8.385E-01  1.840E-03
                                          1      0.867  1.614E-01  1.615E-01  6.450E-04
  5   0.988171   0.5 -1   0.00E+00  1 1               1/2-,3/2-  0                      
                                          1      0.988  1.000E+00  1.000E+00  0.000E+00
  6   1.030797   1.5 -1   0.00E+00  2 0                  (3/2)-  0                      
                                          2      0.674  4.446E-01  4.446E-01  0.000E+00
                                          1      1.031  5.554E-01  5.554E-01  0.000E+00
  7   1.092138   4.5  1   4.10E-09  2 0                    9/2+  0                      
                                          4      0.225  9.717E-01  9.794E-01  8.000E-03
                                          2      0.735  2.058E-02  2.058E-02  0.000E+00
  8   1.238625   2.5  0   0.00E+00  4 1              (5/2,7/2-)  0                      
                                          4      0.372  3.496E-01  3.496E-01  0.000E+00
                                          3      0.439  1.080E-01  1.080E-01  0.000E+00
                                          2      0.882  4.319E-01  4.319E-01  0.000E+00
                                          1      1.239  1.104E-01  1.104E-01  0.000E+00
  9   1.352815   2.5  1   0.00E+00  5 0                  (5/2)+  0                      
                                          6      0.322  1.244E-02  1.244E-02  0.000E+00
                                          4      0.486  1.897E-01  1.897E-01  0.000E+00
                                          3      0.554  2.894E-01  2.894E-01  0.000E+00
                                          2      0.996  1.256E-01  1.256E-01  0.000E+00
                                          1      1.353  3.829E-01  3.829E-01  0.000E+00
 10   1.421078   3.5 -1   0.00E+00  5 1             (7/2-,5/2+)  0                      
                                          7      0.330  5.643E-02  5.643E-02  0.000E+00
                                          5      0.433  2.090E-02  2.090E-02  0.000E+00
                                          3      0.622  7.979E-02  7.979E-02  0.000E+00
                                          2      1.064  6.956E-01  6.956E-01  0.000E+00
                                          1      1.421  1.472E-01  1.472E-01  0.000E+00
 11   1.438972   4.5 -1   0.00E+00  2 0                    9/2-  0                      
                                          4      0.572  6.091E-01  6.099E-01  1.420E-03
                                          2      1.082  3.899E-01  3.901E-01  3.810E-04
 12   1.701726   6.5  1   0.00E+00  3 0                   13/2+  0                      
                                          7      0.609  8.493E-01  8.507E-01  1.650E-03
                                          6      0.671  1.002E-01  1.002E-01  0.000E+00
                                          1      1.702  4.912E-02  4.912E-02  0.000E+00
 13   1.804485   3.5  0   0.00E+00  3 0                   (7/2)  0                      
                                          9      0.452  2.134E-01  2.134E-01  0.000E+00
                                          7      0.712  6.722E-01  6.722E-01  0.000E+00
                                          2      1.448  1.144E-01  1.144E-01  0.000E+00
 14   1.810398   3.5  1   0.00E+00  4 0                  (7/2+)  0                      
                                         10      0.389  3.335E-02  3.335E-02  0.000E+00
                                          9      0.458  1.793E-01  1.793E-01  0.000E+00
                                          7      0.718  7.482E-01  7.489E-01  8.560E-04
                                          4      0.943  3.847E-02  3.847E-02  0.000E+00
 15   2.058787   2.5  1   0.00E+00  4 1         (5/2+,7/2,9/2+)  0                      
                                          9      0.706  5.371E-02  5.371E-02  0.000E+00
                                          7      0.967  2.976E-02  2.976E-02  0.000E+00
                                          4      1.192  7.470E-01  7.470E-01  0.000E+00
                                          3      1.260  1.696E-01  1.696E-01  0.000E+00
 16   2.073408   2.5 -1   0.00E+00  7 1             (5/2-,7/2-)  0                      
                                         11      0.635  4.746E-02  4.746E-02  0.000E+00
                                         10      0.652  4.949E-02  4.949E-02  0.000E+00
                                          8      0.835  3.071E-01  3.071E-01  0.000E+00
                                          5      1.085  2.259E-01  2.259E-01  0.000E+00
                                          4      1.206  1.794E-01  1.794E-01  0.000E+00
                                          3      1.274  6.624E-02  6.624E-02  0.000E+00
                                          1      2.073  1.244E-01  1.244E-01  0.000E+00
 17   2.134502   5.5  1   0.00E+00  1 0                   11/2+  0                      
                                          7      1.042  1.000E+00  1.000E+00  0.000E+00
 18   2.398068   4.5  1   0.00E+00  3 1               9/2+,7/2+  0                      
                                         13      0.594  4.449E-01  4.449E-01  0.000E+00
                                          7      1.306  4.367E-01  4.367E-01  0.000E+00
                                          4      1.531  1.184E-01  1.184E-01  0.000E+00
 19   2.531592  -1.0  0   0.00E+00  5 0                          0                      
                                         15      0.473  1.029E-01  1.029E-01  0.000E+00
                                         11      1.093  2.079E-01  2.079E-01  0.000E+00
                                         10      1.110  3.129E-01  3.129E-01  0.000E+00
                                          4      1.665  3.099E-01  3.099E-01  0.000E+00
                                          2      2.175  6.647E-02  6.647E-02  0.000E+00
 20   2.647187   3.5  1   0.00E+00 10 0                  (7/2)+  0                      
                                         16      0.574  4.223E-03  4.223E-03  0.000E+00
                                         14      0.837  3.749E-01  3.749E-01  0.000E+00
                                         11      1.208  1.538E-02  1.538E-02  0.000E+00
                                         10      1.226  4.381E-02  4.381E-02  0.000E+00
                                          9      1.294  7.475E-02  7.475E-02  0.000E+00
                                          8      1.409  2.800E-03  2.800E-03  0.000E+00
                                          7      1.555  8.378E-02  8.378E-02  0.000E+00
                                          4      1.780  8.243E-02  8.243E-02  0.000E+00
                                          3      1.848  3.342E-02  3.342E-02  0.000E+00
                                          2      2.290  2.845E-01  2.845E-01  0.000E+00
 21   2.694305   3.5  1   0.00E+00 11 0                  (7/2)+  0                      
                                         18      0.296  1.071E-02  1.071E-02  0.000E+00
                                         17      0.560  5.719E-03  5.719E-03  0.000E+00
                                         15      0.637  1.458E-02  1.458E-02  0.000E+00
                                         14      0.884  2.782E-01  2.782E-01  0.000E+00
                                         13      0.890  1.110E-02  1.110E-02  0.000E+00
                                         12      0.992  8.085E-03  8.085E-03  0.000E+00
                                          9      1.341  2.038E-01  2.038E-01  0.000E+00
                                          8      1.456  1.027E-02  1.027E-02  0.000E+00
                                          4      1.827  5.745E-02  5.745E-02  0.000E+00
                                          3      1.895  2.782E-01  2.782E-01  0.000E+00
                                          2      2.338  1.219E-01  1.219E-01  0.000E+00
 22   2.738382   4.5  1   0.00E+00 12 0                  (9/2)+  0                      
                                         18      0.340  2.610E-02  2.610E-02  0.000E+00
                                         17      0.604  6.449E-03  6.449E-03  0.000E+00
                                         16      0.665  1.832E-01  1.832E-01  0.000E+00
                                         15      0.680  6.487E-02  6.487E-02  0.000E+00
                                         14      0.928  8.052E-03  8.052E-03  0.000E+00
                                         13      0.934  4.121E-02  4.121E-02  0.000E+00
                                         12      1.036  1.889E-02  1.889E-02  0.000E+00
                                         11      1.299  2.912E-01  2.912E-01  0.000E+00
                                         10      1.317  2.385E-01  2.385E-01  0.000E+00
                                          9      1.385  1.439E-02  1.439E-02  0.000E+00
                                          7      1.646  1.217E-02  1.217E-02  0.000E+00
                                          4      1.871  9.502E-02  9.502E-02  0.000E+00
 23   2.777114   3.5  0   0.00E+00  2 1               (7/2,9/2)  0                      
                                          7      1.685  5.062E-01  5.062E-01  0.000E+00
                                          2      2.420  4.938E-01  4.938E-01  0.000E+00
 24   2.946784   4.5  1   0.00E+00  8 1              9/2+,11/2+  0                      
                                         22      0.208  1.596E-01  1.596E-01  0.000E+00
                                         19      0.415  1.464E-01  1.464E-01  0.000E+00
                                         17      0.812  4.028E-02  4.028E-02  0.000E+00
                                         15      0.888  3.569E-01  3.569E-01  0.000E+00
                                         14      1.136  1.250E-02  1.250E-02  0.000E+00
                                         12      1.245  6.660E-02  6.660E-02  0.000E+00
                                         11      1.508  4.304E-02  4.304E-02  0.000E+00
                                          7      1.855  1.747E-01  1.747E-01  0.000E+00
 25   3.137825   4.5  1   0.00E+00  3 1              9/2+,11/2+  0                      
                                         12      1.436  3.715E-01  3.715E-01  0.000E+00
                                         10      1.717  2.598E-01  2.598E-01  0.000E+00
                                          7      2.046  3.688E-01  3.688E-01  0.000E+00
