 90Kr   90   36   36   48   34    4    6.494783   13.973959
  1   0.000000   0.0  1   3.23E+01  0 0                      0+  0                      
  2   0.707130   2.0  1   0.00E+00  1 0                      2+  0                      
                                          1      0.707  1.000E+00  1.000E+00  0.000E+00
  3   1.362250   2.0  1   0.00E+00  2 0                      2+  0                      
                                          2      0.655  4.064E-01  4.064E-01  0.000E+00
                                          1      1.362  5.936E-01  5.936E-01  0.000E+00
  4   1.830500   4.0  1   0.00E+00  1 0                      4+  0                      
                                          2      1.123  1.000E+00  1.000E+00  0.000E+00
  5   1.940330  -1.0  0   0.00E+00  2 0                          0                      
                                          3      0.578  1.263E-01  1.263E-01  0.000E+00
                                          2      1.233  8.737E-01  8.737E-01  0.000E+00
  6   2.103130  -1.0  0   0.00E+00  2 0                          0                      
                                          3      0.741  7.500E-01  7.500E-01  0.000E+00
                                          2      1.396  2.500E-01  2.500E-01  0.000E+00
  7   2.147810  -1.0  0   0.00E+00  2 0                          0                      
                                          3      0.786  8.317E-01  8.317E-01  0.000E+00
                                          2      1.440  1.683E-01  1.683E-01  0.000E+00
  8   2.193100  -1.0  0   0.00E+00  1 0                          0                      
                                          2      1.486  1.000E+00  1.000E+00  0.000E+00
  9   2.249340  -1.0  0   0.00E+00  1 0                          0                      
                                          2      1.542  1.000E+00  1.000E+00  0.000E+00
 10   2.318090  -1.0  0   0.00E+00  3 0                          0                      
                                          3      0.956  4.000E-01  4.000E-01  0.000E+00
                                          2      1.611  4.069E-01  4.069E-01  0.000E+00
                                          1      2.319  1.931E-01  1.931E-01  0.000E+00
 11   2.536050  -1.0  0   0.00E+00  1 0                          0                      
                                          2      1.829  1.000E+00  1.000E+00  0.000E+00
 12   2.543700  -1.0  0   0.00E+00  2 0                          0                      
                                          2      1.836  8.315E-01  8.315E-01  0.000E+00
                                          1      2.544  1.685E-01  1.685E-01  0.000E+00
 13   2.595940  -1.0  0   0.00E+00  1 0                          0                      
                                          2      1.889  1.000E+00  1.000E+00  0.000E+00
 14   2.685830  -1.0  0   0.00E+00  1 0                          0                      
                                          3      1.324  1.000E+00  1.000E+00  0.000E+00
 15   2.687310  -1.0  0   0.00E+00  1 0                          0                      
                                          7      0.539  1.000E+00  1.000E+00  0.000E+00
 16   2.730760  -1.0  0   0.00E+00  2 0                          0                      
                                          2      2.024  2.086E-01  2.086E-01  0.000E+00
                                          1      2.731  7.914E-01  7.914E-01  0.000E+00
 17   2.747940  -1.0  0   0.00E+00  1 0                          0                      
                                          2      2.041  1.000E+00  1.000E+00  0.000E+00
 18   2.780600  -1.0  0   0.00E+00  3 0                          0                      
                                          5      0.840  5.000E-01  5.000E-01  0.000E+00
                                          3      1.418  4.200E-01  4.200E-01  0.000E+00
                                          2      2.073  8.000E-02  8.000E-02  0.000E+00
 19   2.828260  -1.0  0   0.00E+00  2 0                          0                      
                                          3      1.466  4.948E-01  4.948E-01  0.000E+00
                                          2      2.121  5.052E-01  5.052E-01  0.000E+00
 20   2.864150  -1.0  0   0.00E+00  1 0                          0                      
                                          1      2.864  1.000E+00  1.000E+00  0.000E+00
 21   2.987310  -1.0  0   0.00E+00  2 0                          0                      
                                          3      1.625  6.027E-01  6.027E-01  0.000E+00
                                          1      2.987  3.973E-01  3.973E-01  0.000E+00
 22   3.140250  -1.0  0   0.00E+00  1 0                          0                      
                                          2      2.433  1.000E+00  1.000E+00  0.000E+00
 23   3.231440  -1.0  0   0.00E+00  2 0                          0                      
                                         10      0.913  7.098E-02  7.098E-02  0.000E+00
                                          1      3.231  9.290E-01  9.290E-01  0.000E+00
 24   3.285100  -1.0  0   0.00E+00  1 0                          0                      
                                          5      1.345  1.000E+00  1.000E+00  0.000E+00
 25   3.318400  -1.0  0   0.00E+00  1 0                          0                      
                                          1      3.318  1.000E+00  1.000E+00  0.000E+00
 26   3.372600  -1.0  0   0.00E+00  1 0                          0                      
                                          2      2.665  1.000E+00  1.000E+00  0.000E+00
 27   3.508200  -1.0  0   0.00E+00  1 0                          0                      
                                          2      2.801  1.000E+00  1.000E+00  0.000E+00
 28   4.291000  -1.0  0   0.00E+00  1 0                          0                      
                                          1      4.291  1.000E+00  1.000E+00  0.000E+00
 29   4.546600  -1.0  0   0.00E+00  1 0                          0                      
                                         12      2.003  1.000E+00  1.000E+00  0.000E+00
 30   4.785780  -1.0  0   0.00E+00  1 0                          0                      
                                          6      2.683  1.000E+00  1.000E+00  0.000E+00
 31   5.004400  -1.0  0   0.00E+00  1 0                          0                      
                                          2      4.297  1.000E+00  1.000E+00  0.000E+00
 32   5.080000  -1.0  0   0.00E+00  1 0                          0                      
                                          2      4.373  1.000E+00  1.000E+00  0.000E+00
 33   5.385400  -1.0  0   0.00E+00  1 0                          0                      
                                          3      4.023  1.000E+00  1.000E+00  0.000E+00
 34   5.683300  -1.0  0   0.00E+00  1 0                          0                      
                                          3      4.321  1.000E+00  1.000E+00  0.000E+00
 35   5.730100  -1.0  0   0.00E+00  2 0                          0                      
                                         25      2.412  4.145E-01  4.145E-01  0.000E+00
                                          3      4.367  5.855E-01  5.855E-01  0.000E+00
 36   6.494800  -1.0  0   0.00E+00  0 0                          0                      
