103Zr  103   40    4    5    3    0    4.298885   13.925323
  1   0.000000   2.5 -1   1.30E+00  0 0                  (5/2-)  0                      
  2   0.109100   3.5 -1   3.00E-09  1 0                  (7/2-)  0                      
                                          1      0.109  6.667E-01  1.000E+00  5.000E-01
  3   0.258900   1.5  1   0.00E+00  1 0                  (3/2+)  0                      
                                          1      0.259  0.000E+00  0.000E+00  0.000E+00
  4   0.357100   2.5  1   3.00E-09  3 0                  (5/2+)  0                      
                                          3      0.098  4.225E-01  7.183E-01  7.000E-01
                                          2      0.248  2.817E-01  2.817E-01  0.000E+00
                                          1      0.357  0.000E+00  0.000E+00  0.000E+00
