105Rh  105   45   26   85   25   12    8.963244    7.044478
  1   0.000000   3.5  1   1.27E+05  0 0                    7/2+  0                      
  2   0.129742   0.5 -1   4.28E+01  1 0                    1/2-  1 =    100.0000 %IT    
                                          1      0.130  2.024E-01  1.000E+00  3.940E+00
  3   0.149124   4.5  1   3.00E-10  1 0                    9/2+  0                      
                                          1      0.149  8.809E-01  1.000E+00  1.352E-01
  4   0.392526   1.5 -1   0.00E+00  1 0                    3/2-  0                      
                                          2      0.263  9.749E-01  1.000E+00  2.570E-02
  5   0.455870   2.5 -1   0.00E+00  2 0                    5/2-  0                      
                                          4      0.063  3.895E-02  1.947E-01  4.000E+00
                                          2      0.326  7.884E-01  8.053E-01  2.140E-02
  6   0.469369   1.5  1   4.00E-10  2 0                    3/2+  0                      
                                          2      0.340  1.010E-03  1.010E-03  0.000E+00
                                          1      0.469  9.922E-01  9.990E-01  6.820E-03
  7   0.499236   2.5  1   0.00E+00  2 0                    5/2+  0                      
                                          3      0.350  1.322E-01  1.345E-01  1.697E-02
                                          1      0.499  8.655E-01  8.655E-01  0.000E+00
  8   0.638620   3.5  1   0.00E+00  3 0                    7/2+  0                      
                                          7      0.139  4.077E-02  5.178E-02  2.700E-01
                                          3      0.489  6.706E-01  6.706E-01  0.000E+00
                                          1      0.639  2.768E-01  2.776E-01  2.850E-03
  9   0.724244   2.5  1   2.00E-10  4 0                    5/2+  0                      
                                          7      0.225  2.502E-03  2.597E-03  3.780E-02
                                          6      0.255  1.558E-03  1.600E-03  2.730E-02
                                          3      0.575  2.006E-02  2.013E-02  3.790E-03
                                          1      0.724  9.736E-01  9.757E-01  2.140E-03
 10   0.762062   1.5 -1   0.00E+00  2 0                    3/2-  0                      
                                          4      0.370  2.553E-01  2.585E-01  1.250E-02
                                          2      0.632  7.393E-01  7.415E-01  2.930E-03
 11   0.785887   0.5  1   4.00E-10  4 0                    1/2+  0                      
                                          7      0.287  1.418E-03  1.465E-03  3.280E-02
                                          6      0.316  6.301E-01  6.402E-01  1.603E-02
                                          4      0.393  2.360E-01  2.367E-01  3.230E-03
                                          2      0.656  1.211E-01  1.216E-01  4.000E-03
 12   0.806045   1.5  1   2.00E-10  6 0                    3/2+  0                      
                                          9      0.082  2.020E-03  5.454E-03  1.700E+00
                                          7      0.307  4.599E-03  4.701E-03  2.200E-02
                                          5      0.350  5.451E-02  5.475E-02  4.360E-03
                                          4      0.414  1.261E-01  1.264E-01  2.850E-03
                                          2      0.676  8.055E-01  8.062E-01  8.960E-04
                                          1      0.806  2.458E-03  2.462E-03  1.569E-03
 13   0.842550  -1.0  0   0.00E+00  1 0                          0                      
                                          7      0.343  1.000E+00  1.000E+00  0.000E+00
 14   0.969484   2.5  1   0.00E+00 10 0                    5/2+  0                      
                                         12      0.163  3.680E-02  4.005E-02  8.850E-02
                                         11      0.184  2.525E-02  2.913E-02  1.536E-01
                                          9      0.245  5.875E-03  6.128E-03  4.300E-02
                                          8      0.331  1.618E-01  1.641E-01  1.406E-02
                                          7      0.470  1.804E-01  1.815E-01  6.300E-03
                                          6      0.500  4.226E-02  4.248E-02  5.280E-03
                                          5      0.514  4.988E-02  5.033E-02  9.000E-03
                                          4      0.577  2.329E-02  2.343E-02  6.000E-03
                                          3      0.820  2.669E-03  2.673E-03  1.503E-03
                                          1      0.969  4.597E-01  4.602E-01  1.060E-03
 15   1.316270  -1.0  0   0.00E+00  1 0                          0                      
                                          6      0.847  1.000E+00  1.000E+00  0.000E+00
 16   1.321293   2.5  1   0.00E+00  5 0                    5/2+  0                      
                                          9      0.597  6.038E-02  6.059E-02  3.380E-03
                                          7      0.822  3.445E-01  3.450E-01  1.550E-03
                                          6      0.852  2.516E-01  2.520E-01  1.430E-03
                                          3      1.172  1.401E-02  1.402E-02  6.700E-04
                                          1      1.321  3.282E-01  3.284E-01  5.700E-04
 17   1.345135   1.5  1   0.00E+00  8 0                    3/2+  0                      
                                         12      0.539  5.111E-02  5.133E-02  4.400E-03
                                         11      0.559  3.084E-02  3.096E-02  4.000E-03
                                          9      0.621  1.952E-02  1.958E-02  3.060E-03
                                          8      0.706  7.461E-04  7.477E-04  2.190E-03
                                          7      0.846  1.778E-01  1.781E-01  1.450E-03
                                          6      0.876  6.951E-01  6.960E-01  1.324E-03
                                          4      0.953  5.098E-03  5.106E-03  1.600E-03
                                          2      1.215  1.815E-02  1.817E-02  9.000E-04
 18   1.377024   1.5  1   0.00E+00  9 0                    3/2+  0                      
                                         14      0.408  9.062E-02  9.062E-02  0.000E+00
                                         12      0.572  5.410E-03  5.410E-03  0.000E+00
                                         11      0.591  4.626E-02  4.642E-02  3.470E-03
                                          9      0.653  2.178E-01  2.183E-01  2.700E-03
                                          8      0.738  5.085E-02  5.095E-02  1.950E-03
                                          7      0.878  2.399E-01  2.403E-01  1.330E-03
                                          6      0.908  3.111E-01  3.115E-01  1.230E-03
                                          4      0.984  6.222E-03  6.231E-03  1.500E-03
                                          1      1.377  3.030E-02  3.031E-02  5.190E-04
 19   1.441430   1.5  1   0.00E+00  2 1         (3/2+,5/2,7/2+)  0                      
                                         12      0.635  5.394E-01  5.394E-01  0.000E+00
                                          1      1.441  4.606E-01  4.606E-01  0.000E+00
 20   1.486839   1.5  1   0.00E+00  5 0                  (3/2+)  0                      
                                         11      0.701  5.696E-02  5.709E-02  2.270E-03
                                          7      0.987  2.071E-02  2.071E-02  0.000E+00
                                          6      1.017  9.087E-01  9.087E-01  0.000E+00
                                          4      1.094  7.379E-03  7.387E-03  1.200E-03
                                          2      1.358  6.084E-03  6.089E-03  8.000E-04
 21   1.698196   1.5  1   0.00E+00  3 1              (3/2+,5/2)  0                      
                                          8      1.060  2.355E-01  2.355E-01  0.000E+00
                                          6      1.229  4.487E-02  4.487E-02  0.000E+00
                                          1      1.698  7.197E-01  7.197E-01  0.000E+00
 22   1.708530   1.5  1   0.00E+00  3 1              (3/2+,5/2)  0                      
                                          7      1.209  6.875E-01  6.875E-01  0.000E+00
                                          6      1.238  1.875E-01  1.875E-01  0.000E+00
                                          1      1.709  1.250E-01  1.250E-01  0.000E+00
 23   1.721203   2.5  1   0.00E+00  5 0                  (5/2+)  0                      
                                          8      1.083  7.581E-02  7.587E-02  8.300E-04
                                          7      1.222  2.486E-01  2.488E-01  6.500E-04
                                          6      1.252  2.850E-01  2.852E-01  6.200E-04
                                          3      1.571  6.064E-03  6.064E-03  0.000E+00
                                          1      1.721  3.839E-01  3.841E-01  4.830E-04
 24   1.765400   2.5  1   0.00E+00  1 1             (5/2+,3/2+)  0                      
                                          1      1.765  1.000E+00  1.000E+00  0.000E+00
 25   1.809780   2.5  0   0.00E+00  3 1              (5/2,3/2+)  0                      
                                          9      1.086  9.219E-01  9.219E-01  0.000E+00
                                          6      1.340  0.000E+00  0.000E+00  0.000E+00
                                          1      1.809  7.813E-02  7.813E-02  0.000E+00
 26   1.829600   2.5  1   0.00E+00  1 0                  (5/2+)  0                      
                                          1      1.830  9.995E-01  1.000E+00  4.950E-04
