111Rh  111   45   33   76   32    0    7.546496    9.520213
  1   0.000000   3.5  1  -1.00E+00  0 0                  (7/2+)  0                      
  2   0.211420   4.5  1   5.00E-10  1 0                  (9/2+)  0                      
                                          1      0.211  9.572E-01  1.000E+00  4.470E-02
  3   0.303520   1.5  1   5.00E-10  1 0                  (3/2+)  0                      
                                          1      0.304  9.736E-01  1.000E+00  2.710E-02
  4   0.382000   2.5  1   3.00E-10  3 0                  (5/2+)  0                      
                                          3      0.079  3.374E-01  5.689E-01  6.860E-01
                                          2      0.171  1.375E-02  1.375E-02  0.000E+00
                                          1      0.382  4.124E-01  4.174E-01  1.200E-02
  5   0.394980   1.5  1   8.70E-08  2 0                  (3/2+)  0                      
                                          3      0.091  3.035E-01  3.035E-01  0.000E+00
                                          1      0.395  6.965E-01  6.965E-01  0.000E+00
  6   0.417200  -1.0  0   0.00E+00  1 0                          0                      
                                          2      0.206  1.000E+00  1.000E+00  0.000E+00
  7   0.440470   0.5  1   4.80E-09  2 0                  (1/2+)  0                      
                                          5      0.045  3.916E-02  1.214E-01  2.100E+00
                                          3      0.137  7.676E-01  8.786E-01  1.446E-01
  8   0.491300  -1.0  0   0.00E+00  1 0                          0                      
                                          2      0.280  1.000E+00  1.000E+00  0.000E+00
  9   0.492720   0.5 -1   6.80E-09  1 0                  (1/2-)  0                      
                                          3      0.189  1.000E+00  1.000E+00  0.000E+00
 10   0.567450   3.5  1   0.00E+00  4 0                  (7/2+)  0                      
                                          5      0.173  2.857E-01  2.857E-01  0.000E+00
                                          4      0.185  1.587E-01  1.587E-01  0.000E+00
                                          2      0.356  2.698E-01  2.698E-01  0.000E+00
                                          1      0.568  2.857E-01  2.857E-01  0.000E+00
 11   0.586300  -1.0  0   0.00E+00  1 0                          0                      
                                          5      0.191  1.000E+00  1.000E+00  0.000E+00
 12   0.608400  -1.0  0   0.00E+00  1 0                          0                      
                                          2      0.397  1.000E+00  1.000E+00  0.000E+00
 13   0.632340   3.5  1   5.00E-10  4 0                  (7/2+)  0                      
                                          4      0.251  5.052E-01  5.197E-01  2.880E-02
                                          3      0.329  2.718E-02  2.718E-02  0.000E+00
                                          2      0.421  3.511E-01  3.511E-01  0.000E+00
                                          1      0.632  1.019E-01  1.019E-01  0.000E+00
 14   0.661100  -1.0  0   0.00E+00  1 0                          0                      
                                          2      0.450  1.000E+00  1.000E+00  0.000E+00
 15   0.663170   2.5  1   5.00E-10  3 0                  (5/2+)  0                      
                                          7      0.223  4.157E-01  4.157E-01  0.000E+00
                                          5      0.268  4.699E-01  4.699E-01  0.000E+00
                                          4      0.281  1.145E-01  1.145E-01  0.000E+00
 16   0.681300   1.5 -1   0.00E+00  1 0                  (3/2-)  0                      
                                          9      0.189  1.000E+00  1.000E+00  0.000E+00
 17   0.684900  -1.0  0   0.00E+00  1 0                          0                      
                                          3      0.381  1.000E+00  1.000E+00  0.000E+00
 18   0.732600   2.5 -1   0.00E+00  2 0                  (5/2-)  0                      
                                          9      0.240  6.667E-01  6.667E-01  0.000E+00
                                          4      0.351  3.333E-01  3.333E-01  0.000E+00
 19   0.860300   1.5 -1   0.00E+00  2 0                  (3/2-)  0                      
                                         16      0.179  1.633E-01  1.633E-01  0.000E+00
                                          9      0.367  8.367E-01  8.367E-01  0.000E+00
 20   0.936000  -1.0  0   0.00E+00  1 0                          0                      
                                          4      0.554  1.000E+00  1.000E+00  0.000E+00
 21   0.960500   1.5  0   0.00E+00  3 1               (3/2,5/2)  0                      
                                          7      0.519  1.290E-01  1.290E-01  0.000E+00
                                          5      0.566  6.774E-01  6.774E-01  0.000E+00
                                          1      0.961  1.935E-01  1.935E-01  0.000E+00
 22   0.976800   2.5 -1   0.00E+00  3 0                  (5/2-)  0                      
                                         18      0.244  4.815E-01  4.815E-01  0.000E+00
                                         16      0.295  2.593E-01  2.593E-01  0.000E+00
                                          9      0.484  2.593E-01  2.593E-01  0.000E+00
 23   1.018050   1.5  0   0.00E+00  4 0                   (3/2)  0                      
                                         19      0.158  2.049E-01  2.049E-01  0.000E+00
                                          9      0.525  1.393E-01  1.393E-01  0.000E+00
                                          7      0.577  3.279E-02  3.279E-02  0.000E+00
                                          3      0.715  6.230E-01  6.230E-01  0.000E+00
 24   1.038900   2.5  0   0.00E+00  2 1               (5/2,7/2)  0                      
                                          2      0.827  7.778E-01  7.778E-01  0.000E+00
                                          1      1.039  2.222E-01  2.222E-01  0.000E+00
 25   1.054940   2.5  0   0.00E+00  3 1               (5/2,7/2)  0                      
                                          4      0.673  8.253E-02  8.253E-02  0.000E+00
                                          2      0.844  6.718E-01  6.718E-01  0.000E+00
                                          1      1.055  2.457E-01  2.457E-01  0.000E+00
 26   1.096500   1.5  0   0.00E+00  1 1               (3/2,5/2)  0                      
                                          9      0.604  1.000E+00  1.000E+00  0.000E+00
 27   1.159500   1.5  0   0.00E+00  1 1           (3/2,5/2,7/2)  0                      
                                          4      0.777  1.000E+00  1.000E+00  0.000E+00
 28   1.348810   1.5  0   0.00E+00  4 1           (3/2,5/2,7/2)  0                      
                                         13      0.718  1.889E-01  1.889E-01  0.000E+00
                                          4      0.967  4.111E-01  4.111E-01  0.000E+00
                                          3      1.046  1.778E-01  1.778E-01  0.000E+00
                                          1      1.349  2.222E-01  2.222E-01  0.000E+00
 29   1.780200  -1.0  0   0.00E+00  1 0                          0                      
                                          4      1.398  1.000E+00  1.000E+00  0.000E+00
 30   1.898010   2.5  0   0.00E+00  5 1               (5/2,7/2)  0                      
                                         13      1.266  4.145E-01  4.145E-01  0.000E+00
                                          4      1.516  4.145E-01  4.145E-01  0.000E+00
                                          3      1.595  5.440E-02  5.440E-02  0.000E+00
                                          2      1.686  6.477E-02  6.477E-02  0.000E+00
                                          1      1.898  5.181E-02  5.181E-02  0.000E+00
 31   2.033920   2.5  0   0.00E+00  5 1               (5/2,7/2)  0                      
                                         13      1.401  1.520E-01  1.520E-01  0.000E+00
                                          4      1.652  9.459E-02  9.459E-02  0.000E+00
                                          3      1.730  7.095E-02  7.095E-02  0.000E+00
                                          2      1.822  1.532E-01  1.532E-01  0.000E+00
                                          1      2.034  5.293E-01  5.293E-01  0.000E+00
 32   2.126780   1.5  0   0.00E+00  7 0                   (3/2)  0                      
                                         26      1.030  9.091E-02  9.091E-02  0.000E+00
                                         23      1.109  2.978E-01  2.978E-01  0.000E+00
                                         16      1.446  2.821E-02  2.821E-02  0.000E+00
                                         15      1.464  2.665E-01  2.665E-01  0.000E+00
                                          9      1.634  5.016E-02  5.016E-02  0.000E+00
                                          7      1.687  6.583E-02  6.583E-02  0.000E+00
                                          5      1.732  2.006E-01  2.006E-01  0.000E+00
 33   2.214800   1.5  0   0.00E+00  4 1           (3/2,5/2,7/2)  0                      
                                         15      1.551  2.481E-01  2.481E-01  0.000E+00
                                          5      1.819  2.248E-01  2.248E-01  0.000E+00
                                          3      1.911  3.333E-01  3.333E-01  0.000E+00
                                          1      2.216  1.938E-01  1.938E-01  0.000E+00
