126Ag  126   47    6    5    5    0    4.272000   14.050000
  1   0.000000  -1.0  0  -1.00E+00  0 0                          0                      
  2   0.194000  -1.0  0   0.00E+00  1 0                          0                      
                                          1      0.194  1.000E+00  1.000E+00  0.000E+00
  3   0.792000  -1.0  0   0.00E+00  1 0                          0                      
                                          2      0.598  1.000E+00  1.000E+00  0.000E+00
  4   1.534000  -1.0  0   0.00E+00  1 0                          0                      
                                          3      0.742  1.000E+00  1.000E+00  0.000E+00
  5   1.762000  -1.0  0   0.00E+00  1 0                          0                      
                                          4      0.228  1.000E+00  1.000E+00  0.000E+00
  6   2.121000  -1.0  0   0.00E+00  1 0                          0                      
                                          5      0.359  1.000E+00  1.000E+00  0.000E+00
