120Ag  120   47    5    4    4    0    5.077071   11.533206
  1   0.000000   3.0  1   1.23E+00  0 0                    3(+)  0                      
  2   0.052500  -1.0  1   0.00E+00  1 0                     (+)  0                      
                                          1      0.052  1.000E+00  1.000E+00  0.000E+00
  3   0.210600  -1.0  0   0.00E+00  1 0                          0                      
                                          2      0.158  1.000E+00  1.000E+00  0.000E+00
  4   0.300400   1.0  1   0.00E+00  1 0                    (1+)  0                      
                                          3      0.090  1.000E+00  1.000E+00  0.000E+00
  5   0.805800   1.0  1   0.00E+00  1 0                    (1+)  0                      
                                          3      0.595  1.000E+00  1.000E+00  0.000E+00
