128Cd  128   48    7    6    6    1    6.568364   15.878000
  1   0.000000   0.0  1   2.80E-01  0 0                      0+  0                      
  2   0.645200   2.0  1   0.00E+00  1 0                    (2+)  0                      
                                          1      0.645  1.000E+00  1.000E+00  0.000E+00
  3   1.429100   4.0  1   0.00E+00  1 0                    (4+)  0                      
                                          2      0.784  1.000E+00  1.000E+00  0.000E+00
  4   2.095800  -1.0  0   0.00E+00  1 0                          0                      
                                          3      0.667  1.000E+00  1.000E+00  0.000E+00
  5   2.892600  -1.0  0   0.00E+00  1 0                          0                      
                                          1      2.893  1.000E+00  1.000E+00  0.000E+00
  6   3.081800  -1.0  0   0.00E+00  1 0                          0                      
                                          4      0.986  1.000E+00  1.000E+00  0.000E+00
  7   3.290900  -1.0  0   0.00E+00  1 0                          0                      
                                          1      3.291  1.000E+00  1.000E+00  0.000E+00
