122Cd  122   48    5    5    4    2    7.609866   13.498525
  1   0.000000   0.0  1  -1.00E+00  0 0                      0+  0                      
  2   0.569450   2.0  1   0.00E+00  1 0                      2+  0                      
                                          1      0.569  1.000E+00  1.000E+00  0.000E+00
  3   1.329150   4.0  1   0.00E+00  1 0                    (4+)  0                      
                                          2      0.760  1.000E+00  1.000E+00  0.000E+00
  4   1.367800   2.0  1   0.00E+00  2 0                    (2)+  0                      
                                          2      0.798  7.514E-01  7.514E-01  0.000E+00
                                          1      1.368  2.486E-01  2.486E-01  0.000E+00
  5   1.979350   3.0  0   0.00E+00  1 1                  (3,4+)  0                      
                                          3      0.650  1.000E+00  1.000E+00  0.000E+00
