122Cd  122   48   21   24   20    2    7.609866   13.498525
  1   0.000000   0.0  1  -1.00E+00  0 0                      0+  0                      
  2   0.569450   2.0  1   1.00E-11  1 0                      2+  0                      
                                          1      0.569  1.000E+00  1.000E+00  0.000E+00
  3   1.329150   4.0  1   0.00E+00  1 0                    (4+)  0                      
                                          2      0.760  1.000E+00  1.000E+00  0.000E+00
  4   1.367800   2.0  1   0.00E+00  2 0                    (2)+  0                      
                                          2      0.798  7.055E-01  7.055E-01  0.000E+00
                                          1      1.368  2.945E-01  2.945E-01  0.000E+00
  5   1.704700   0.0  1   0.00E+00  1 0                    0(+)  0                      
                                          2      1.135  1.000E+00  1.000E+00  0.000E+00
  6   1.909100   3.0 -1   0.00E+00  1 0                    (3-)  0                      
                                          2      1.340  1.000E+00  1.000E+00  0.000E+00
  7   1.979340   3.0  0   0.00E+00  1 1                  (3,4+)  0                      
                                          3      0.650  1.000E+00  1.000E+00  0.000E+00
  8   1.991900   0.0  1   0.00E+00  1 0                    0(+)  0                      
                                          2      1.422  1.000E+00  1.000E+00  0.000E+00
  9   2.178020   6.0  1   0.00E+00  1 0                    (6+)  0                      
                                          3      0.849  1.000E+00  1.000E+00  0.000E+00
 10   2.197110  -1.0  0   0.00E+00  2 0                          0                      
                                          3      0.868  5.185E-01  5.185E-01  0.000E+00
                                          2      1.628  4.815E-01  4.815E-01  0.000E+00
 11   2.315700  -1.0  0   0.00E+00  1 0                          0                      
                                          2      1.746  1.000E+00  1.000E+00  0.000E+00
 12   2.444800  -1.0  0   0.00E+00  1 0                          0                      
                                          7      0.466  1.000E+00  1.000E+00  0.000E+00
 13   2.502600  -1.0  0   0.00E+00  2 0                          0                      
                                          9      0.325  3.922E-01  3.922E-01  0.000E+00
                                          7      0.523  6.078E-01  6.078E-01  0.000E+00
 14   2.536100  -1.0  0   0.00E+00  1 0                          0                      
                                          7      0.557  1.000E+00  1.000E+00  0.000E+00
 15   2.577000  -1.0  0   0.00E+00  1 0                          0                      
                                          2      2.007  1.000E+00  1.000E+00  0.000E+00
 16   2.644500  -1.0  0   0.00E+00  2 0                          0                      
                                          9      0.466  5.280E-01  5.280E-01  0.000E+00
                                          7      0.665  4.720E-01  4.720E-01  0.000E+00
 17   2.668500  -1.0  0   0.00E+00  1 0                          0                      
                                          7      0.689  1.000E+00  1.000E+00  0.000E+00
 18   2.800400  -1.0  0   0.00E+00  1 0                          0                      
                                          7      0.821  1.000E+00  1.000E+00  0.000E+00
 19   2.823400   8.0  1   0.00E+00  1 0                    (8+)  0                      
                                          9      0.645  1.000E+00  1.000E+00  0.000E+00
 20   3.062000   8.0  1   0.00E+00  1 0                    (8+)  0                      
                                          9      0.884  1.000E+00  1.000E+00  0.000E+00
 21   3.170200  -1.0  0   0.00E+00  1 0                          0                      
                                         13      0.668  1.000E+00  1.000E+00  0.000E+00
