121Sn  121   50    9   10    8    6    6.170203   10.757856
  1   0.000000   1.5  1   9.73E+04  0 0                    3/2+  0                      
  2   0.060180   0.5  1   0.00E+00  1 0                    1/2+  0                      
                                          1      0.060  2.924E-01  1.000E+00  2.420E+00
  3   0.908900   2.5  1   0.00E+00  1 0                    5/2+  0                      
                                          1      0.909  1.000E+00  1.000E+00  0.000E+00
  4   1.101800   1.5  1   0.00E+00  2 0                    3/2+  0                      
                                          2      1.041  5.500E-01  5.500E-01  0.000E+00
                                          1      1.102  4.500E-01  4.500E-01  0.000E+00
  5   1.120410   2.5  1   0.00E+00  1 0                    5/2+  0                      
                                          1      1.120  1.000E+00  1.000E+00  0.000E+00
  6   1.403000   2.5  1   0.00E+00  1 0                    5/2+  0                      
                                          1      1.403  1.000E+00  1.000E+00  0.000E+00
  7   2.864200   0.5  0   0.00E+00  2 1               (1/2,3/2)  0                      
                                          2      2.804  5.238E-01  5.238E-01  0.000E+00
                                          1      2.864  4.762E-01  4.762E-01  0.000E+00
  8   3.119900  -1.0  0   0.00E+00  1 0                          0                      
                                          2      3.060  1.000E+00  1.000E+00  0.000E+00
  9   3.228000  -1.0  0   0.00E+00  1 0                          0                      
                                          1      3.228  1.000E+00  1.000E+00  0.000E+00
