119Sn  119   50    5    5    4    4    6.483460   10.125779
  1   0.000000   0.5  1  -1.00E+00  0 0                    1/2+  0                      
  2   0.023871   1.5  1   0.00E+00  1 0                    3/2+  0                      
                                          1      0.024  1.650E-01  1.000E+00  5.060E+00
  3   0.089531   5.5 -1   2.53E+07  1 0                   11/2-  0                      
                                          2      0.066  0.000E+00  0.000E+00  5.000E+03
  4   0.787010   3.5  1   1.90E-10  2 0                    7/2+  0                      
                                          3      0.697  4.864E-03  4.864E-03  0.000E+00
                                          2      0.763  9.927E-01  9.951E-01  2.410E-03
  5   1.304400   3.5  0   0.00E+00  1 0                  GE 7/2  0                      
                                          3      1.215  1.000E+00  1.000E+00  0.000E+00
