120Sn  120   50    7    6    6    7    9.104074   10.688054
  1   0.000000   0.0  1  -1.00E+00  0 0                      0+  0                      
  2   1.172500   2.0  1   0.00E+00  1 0                      2+  0                      
                                          1      1.173  1.000E+00  1.000E+00  0.000E+00
  3   1.876700   0.0  1   0.00E+00  1 0                      0+  0                      
                                          2      0.704  1.000E+00  1.000E+00  0.000E+00
  4   2.098300   2.0  1   0.00E+00  1 0                      2+  0                      
                                          1      2.098  1.000E+00  1.000E+00  0.000E+00
  5   2.162500   0.0  1   0.00E+00  1 0                      0+  0                      
                                          2      0.990  1.000E+00  1.000E+00  0.000E+00
  6   2.358300   2.0  1   0.00E+00  1 0                      2+  0                      
                                          2      1.186  1.000E+00  1.000E+00  0.000E+00
  7   2.423300   2.0  1   0.00E+00  1 0                      2+  0                      
                                          2      1.251  1.000E+00  1.000E+00  0.000E+00
