117Sn  117   50    4    5    3    2    6.943082    9.436955
  1   0.000000   0.5  1  -1.00E+00  0 0                    1/2+  0                      
  2   0.158600   1.5  1   0.00E+00  1 0                    3/2+  0                      
                                          1      0.159  8.654E-01  1.000E+00  1.556E-01
  3   1.004400  -1.0  0   0.00E+00  2 0                          0                      
                                          2      0.846  2.353E-01  2.353E-01  0.000E+00
                                          1      1.004  7.647E-01  7.647E-01  0.000E+00
  4   1.020300  -1.0  0   0.00E+00  2 0                          0                      
                                          2      0.862  7.362E-01  7.362E-01  0.000E+00
                                          1      1.020  2.638E-01  2.638E-01  0.000E+00
