129Sb  129   51   53   97   52    1    8.070851    8.556926
  1   0.000000   3.5  1   1.57E+04  0 0                    7/2+  0                      
  2   1.128630   5.5  1   0.00E+00  1 0                 (11/2+)  0                      
                                          1      1.129  1.000E+00  1.000E+00  0.000E+00
  3   1.161400   4.5  1   0.00E+00  1 0                  (9/2+)  0                      
                                          1      1.161  1.000E+00  1.000E+00  0.000E+00
  4   1.851310   9.5 -1   1.06E+03  1 0                 (19/2-)  2 =     15.0000 %IT     =     85.0000 %B-    
                                          2      0.723  0.000E+00  0.000E+00  5.470E-02
  5   1.861070   7.5 -1   2.00E-06  3 0                 (15/2-)  0                      
                                          4      0.010  0.000E+00  0.000E+00  3.390E+04
                                          3      0.700  6.728E-01  6.780E-01  7.600E-03
                                          2      0.732  3.190E-01  3.220E-01  9.500E-03
  6   1.911210   6.5 -1   0.00E+00  2 0                 (13/2-)  0                      
                                          5      0.050  6.516E-02  3.603E-01  4.530E+00
                                          2      0.783  6.397E-01  6.397E-01  0.000E+00
  7   1.922330   5.5 -1   0.00E+00  1 0                 (11/2-)  0                      
                                          3      0.761  1.000E+00  1.000E+00  0.000E+00
  8   1.928640   8.5 -1   0.00E+00  2 0                 (17/2-)  0                      
                                          5      0.067  9.752E-02  2.838E-01  1.910E+00
                                          4      0.077  3.128E-01  7.162E-01  1.290E+00
  9   1.940380   7.5 -1   0.00E+00  1 1           (15/2-,17/2-)  0                      
                                          5      0.079  4.545E-01  1.000E+00  1.200E+00
 10   1.972750   6.5 -1   0.00E+00  3 0                 (13/2-)  0                      
                                          8      0.044  2.293E-02  7.543E-01  3.190E+01
                                          6      0.062  4.371E-02  1.525E-01  2.490E+00
                                          5      0.112  6.413E-02  9.311E-02  4.520E-01
 11   1.991960   6.5 -1   0.00E+00  3 0                 (13/2-)  0                      
                                          7      0.070  2.339E-01  6.414E-01  1.742E+00
                                          6      0.081  1.509E-01  3.232E-01  1.142E+00
                                          5      0.131  2.744E-02  3.539E-02  2.900E-01
 12   2.031070   5.5 -1   0.00E+00  4 1           (11/2-,13/2-)  0                      
                                         11      0.039  4.234E-03  4.403E-02  9.400E+00
                                          7      0.109  7.639E-02  1.138E-01  4.900E-01
                                          6      0.120  2.586E-01  3.543E-01  3.700E-01
                                          2      0.902  4.878E-01  4.878E-01  0.000E+00
 13   2.148130   7.5 -1   0.00E+00  4 0                 (15/2-)  0                      
                                         11      0.156  7.735E-02  9.128E-02  1.800E-01
                                         10      0.175  6.704E-02  7.575E-02  1.300E-01
                                          8      0.219  5.378E-01  5.851E-01  8.800E-02
                                          6      0.237  2.343E-01  2.479E-01  5.800E-02
 14   2.148470   4.5  0   0.00E+00  1 1         (9/2,11/2,13/2)  0                      
                                         12      0.117  6.667E-01  1.000E+00  5.000E-01
 15   2.221330   4.5  0   0.00E+00  1 1         (9/2,11/2,13/2)  0                      
                                          7      0.299  1.000E+00  1.000E+00  0.000E+00
 16   2.232170   4.5 -1   0.00E+00  1 1        (9/2-,11/2,13/2)  0                      
                                          6      0.321  1.000E+00  1.000E+00  0.000E+00
 17   2.247350   6.5 -1   0.00E+00  2 1           (13/2-,15/2+)  0                      
                                          9      0.307  3.409E-01  3.409E-01  0.000E+00
                                          6      0.336  6.591E-01  6.591E-01  0.000E+00
 18   2.271570   7.5 -1   0.00E+00  2 0                 (15/2-)  0                      
                                         13      0.123  7.029E-01  9.419E-01  3.400E-01
                                         11      0.280  5.809E-02  5.809E-02  0.000E+00
 19   2.294690   4.5 -1   0.00E+00  1 0            (9/2-:15/2+)  0                      
                                         10      0.322  1.000E+00  1.000E+00  0.000E+00
 20   2.297240   6.5 -1   0.00E+00  2 1           (13/2-,15/2+)  0                      
                                          8      0.369  6.270E-01  6.270E-01  0.000E+00
                                          6      0.386  3.730E-01  3.730E-01  0.000E+00
 21   2.303360   4.5 -1   0.00E+00  3 1       (9/2-,11/2,13/2+)  0                      
                                         11      0.311  4.608E-01  4.608E-01  0.000E+00
                                          3      1.141  4.060E-01  4.060E-01  0.000E+00
                                          2      1.174  1.331E-01  1.331E-01  0.000E+00
 22   2.317100   4.5  0   0.00E+00  3 1        (9/2,11/2,13/2+)  0                      
                                         12      0.286  5.975E-02  5.975E-02  0.000E+00
                                          3      1.156  6.927E-01  6.927E-01  0.000E+00
                                          2      1.189  2.475E-01  2.475E-01  0.000E+00
 23   2.329850   6.5 -1   0.00E+00  1 0                 (13/2-)  0                      
                                         17      0.083  4.831E-01  1.000E+00  1.070E+00
 24   2.369210   4.5  0   0.00E+00  2 1        (9/2,11/2,13/2+)  0                      
                                          3      1.208  8.002E-01  8.002E-01  0.000E+00
                                          2      1.241  1.998E-01  1.998E-01  0.000E+00
 25   2.377500   4.5  0   0.00E+00  1 1         (9/2,11/2,13/2)  0                      
                                         16      0.145  8.197E-01  1.000E+00  2.200E-01
 26   2.430250   5.5 -1   0.00E+00  5 1           (11/2-,13/2+)  0                      
                                         19      0.136  2.911E-02  3.668E-02  2.600E-01
                                         18      0.159  1.244E-01  1.455E-01  1.700E-01
                                          7      0.508  3.308E-01  3.308E-01  0.000E+00
                                          6      0.519  2.620E-01  2.620E-01  0.000E+00
                                          3      1.269  2.250E-01  2.250E-01  0.000E+00
 27   2.434440   6.5 -1   0.00E+00  1 1           (13/2-,15/2+)  0                      
                                          8      0.506  1.000E+00  1.000E+00  0.000E+00
 28   2.564810   5.5 -1   0.00E+00  2 1            (11/2-,13/2)  0                      
                                         13      0.417  2.571E-01  2.571E-01  0.000E+00
                                          2      1.436  7.429E-01  7.429E-01  0.000E+00
 29   2.568290   5.5 -1   0.00E+00  2 1           (11/2-,13/2+)  0                      
                                         18      0.296  2.347E-01  2.347E-01  0.000E+00
                                          3      1.407  7.653E-01  7.653E-01  0.000E+00
 30   2.611260   5.5 -1   0.00E+00  4 1           (11/2-,13/2+)  0                      
                                         18      0.340  5.924E-02  5.924E-02  0.000E+00
                                         11      0.619  4.988E-01  4.988E-01  0.000E+00
                                          7      0.689  3.021E-01  3.021E-01  0.000E+00
                                          3      1.450  1.398E-01  1.398E-01  0.000E+00
 31   2.665040   4.5  0   0.00E+00  1 1        (9/2,11/2,13/2+)  0                      
                                          3      1.504  1.000E+00  1.000E+00  0.000E+00
 32   2.678300   4.5  0   0.00E+00  2 1         (9/2,11/2,13/2)  0                      
                                         16      0.445  7.374E-01  7.374E-01  0.000E+00
                                          2      1.550  2.626E-01  2.626E-01  0.000E+00
 33   2.698470   5.5 -1   0.00E+00  1 1            (11/2-,13/2)  0                      
                                         18      0.427  1.000E+00  1.000E+00  0.000E+00
 34   2.722800   5.5 -1   0.00E+00  3 1            (11/2-,13/2)  0                      
                                         20      0.425  2.740E-01  2.740E-01  0.000E+00
                                         18      0.451  4.795E-01  4.795E-01  0.000E+00
                                         13      0.575  2.466E-01  2.466E-01  0.000E+00
 35   2.726290   4.5  0   0.00E+00  5 1         (9/2,11/2,13/2)  0                      
                                         26      0.295  2.551E-01  2.551E-01  0.000E+00
                                         22      0.408  2.489E-01  2.489E-01  0.000E+00
                                         21      0.422  1.234E-01  1.234E-01  0.000E+00
                                         12      0.695  2.218E-01  2.218E-01  0.000E+00
                                          2      1.597  1.508E-01  1.508E-01  0.000E+00
 36   2.766910   4.5  0   0.00E+00  1 1         (9/2,11/2,13/2)  0                      
                                          7      0.845  1.000E+00  1.000E+00  0.000E+00
 37   2.796810   4.5  0   0.00E+00  1 1        (9/2,11/2,13/2+)  0                      
                                          3      1.635  1.000E+00  1.000E+00  0.000E+00
 38   2.822730   4.5 -1   0.00E+00  3 1        (9/2-,11/2,13/2)  0                      
                                         28      0.258  7.273E-03  7.273E-03  0.000E+00
                                         22      0.505  9.673E-01  9.673E-01  0.000E+00
                                         10      0.851  2.545E-02  2.545E-02  0.000E+00
 39   2.864400   5.5 -1   0.00E+00  2 1            (11/2-,13/2)  0                      
                                         18      0.593  2.516E-01  2.516E-01  0.000E+00
                                         13      0.716  7.484E-01  7.484E-01  0.000E+00
 40   2.882080   4.5  0   0.00E+00  2 1        (9/2,11/2,13/2+)  0                      
                                         21      0.579  4.936E-01  4.936E-01  0.000E+00
                                          3      1.721  5.064E-01  5.064E-01  0.000E+00
 41   2.884440   4.5  0   0.00E+00  2 1         (9/2,11/2,13/2)  0                      
                                          7      0.962  2.507E-02  2.507E-02  0.000E+00
                                          2      1.756  9.749E-01  9.749E-01  0.000E+00
 42   2.948250   4.5  0   0.00E+00  1 1         (9/2,11/2,13/2)  0                      
                                          2      1.820  1.000E+00  1.000E+00  0.000E+00
 43   2.960500   4.5  0   0.00E+00  1 1         (9/2,11/2,13/2)  0                      
                                          2      1.832  1.000E+00  1.000E+00  0.000E+00
 44   3.013800   4.5  0   0.00E+00  1 1         (9/2,11/2,13/2)  0                      
                                          2      1.885  1.000E+00  1.000E+00  0.000E+00
 45   3.031960   4.5 -1   0.00E+00  1 1        (9/2-,11/2,13/2)  0                      
                                         10      1.059  1.000E+00  1.000E+00  0.000E+00
 46   3.070020   4.5  0   0.00E+00  1 1         (9/2,11/2,13/2)  0                      
                                          7      1.148  1.000E+00  1.000E+00  0.000E+00
 47   3.097030   4.5 -1   0.00E+00  2 1        (9/2-,11/2,13/2)  0                      
                                         12      1.066  3.779E-01  3.779E-01  0.000E+00
                                          6      1.186  6.221E-01  6.221E-01  0.000E+00
 48   3.130800   4.5  0   0.00E+00  1 1         (9/2,11/2,13/2)  0                      
                                         21      0.827  1.000E+00  1.000E+00  0.000E+00
 49   3.148130   4.5  0   0.00E+00  1 1         (9/2,11/2,13/2)  0                      
                                          7      1.226  1.000E+00  1.000E+00  0.000E+00
 50   3.164050   4.5  0   0.00E+00  1 1         (9/2,11/2,13/2)  0                      
                                          2      2.035  1.000E+00  1.000E+00  0.000E+00
 51   3.208700   4.5  0   0.00E+00  1 1         (9/2,11/2,13/2)  0                      
                                         22      0.892  1.000E+00  1.000E+00  0.000E+00
 52   3.274170   4.5 -1   0.00E+00  2 1        (9/2-,11/2,13/2)  0                      
                                         10      1.301  3.553E-02  3.553E-02  0.000E+00
                                          2      2.146  9.645E-01  9.645E-01  0.000E+00
 53   3.280720   6.5 -1   0.00E+00  1 0                 (13/2-)  0                      
                                          8      1.352  1.000E+00  1.000E+00  0.000E+00
