134Te  134   52   19    9    6    4    7.667937   10.899210
  1   0.000000   0.0  1   2.51E+03  0 0                      0+  0                      
  2   1.279110   2.0  1   1.70E-10  1 0                      2+  0                      
                                          1      1.279  9.991E-01  1.000E+00  8.600E-04
  3   1.576110   4.0  1   1.36E-09  1 0                      4+  0                      
                                          2      0.297  9.616E-01  1.000E+00  3.990E-02
  4   1.691320   6.0  1   1.64E-07  1 0                      6+  0                      
                                          3      0.115  4.904E-01  1.000E+00  1.039E+00
  5   2.397630   6.0  1   1.60E-11  2 0                    (6)+  0                      
                                          4      0.706  9.930E-01  9.930E-01  0.000E+00
                                          3      0.822  6.969E-03  6.969E-03  0.000E+00
  6   2.462300   2.0  1   1.00E-09  0 0                      2+  0                      
  7   2.554500   4.0  1   0.00E+00  0 0                    (4+)  0                      
  8   2.631500   1.0  1   1.00E-09  0 0                    (1)+  0                      
  9   2.727300   5.0  1   2.00E-11  2 0                    (5+)  0                      
                                          5      0.329  3.947E-01  3.947E-01  0.000E+00
                                          3      1.152  6.053E-01  6.053E-01  0.000E+00
 10   4.013300   9.0 -1   7.03E-10  2 0                    (9-)  0                      
                                          5      1.615  0.000E+00  0.000E+00  0.000E+00
                                          4      2.322  0.000E+00  0.000E+00  0.000E+00
 11   4.269700   4.0  0   0.00E+00  0 1                   4,5,6  0                      
 12   4.298800   7.0 -1   1.60E-11  0 0                    (7-)  0                      
 13   4.323200   5.0 -1   0.00E+00  0 0                    (5-)  0                      
 14   4.402500   5.0  1   0.00E+00  0 0                    (5+)  0                      
 15   4.458400  -1.0  0   0.00E+00  0 0                          0                      
 16   4.501200  -1.0  0   0.00E+00  0 0                          0                      
 17   4.504100  -1.0  0   0.00E+00  0 0                          0                      
 18   4.557500   8.0  1   0.00E+00  0 0                    (8+)  0                      
 19   4.562600   8.0 -1   0.00E+00  0 0                    (8-)  0                      
