 127I  127   53    5    5    4    3    9.144038    6.208020
  1   0.000000   2.5  1  -1.00E+00  0 0                    5/2+  0                      
  2   0.057640   3.5  1   1.95E-09  1 0                    7/2+  0                      
                                          1      0.058  2.119E-01  1.000E+00  3.720E+00
  3   0.628600   3.5  1   0.00E+00  1 0                    7/2+  0                      
                                          1      0.629  1.000E+00  1.000E+00  0.000E+00
  4   0.650950   4.5  1   0.00E+00  2 0                  9/2(+)  0                      
                                          2      0.593  8.836E-01  8.895E-01  6.680E-03
                                          1      0.651  1.105E-01  1.105E-01  0.000E+00
  5   0.716540   5.5  1   0.00E+00  1 0                 (11/2+)  0                      
                                          2      0.659  1.000E+00  1.000E+00  0.000E+00
