145Ce  145   58   52   70   31    0    4.706435    9.506370
  1   0.000000   2.5 -1   1.81E+02  0 0                  (5/2-)  0                      
  2   0.064300  -1.0 -1   1.30E-08  1 0                     (-)  0                      
                                          1      0.064  8.834E-02  1.000E+00  1.032E+01
  3   0.070000   3.5 -1   0.00E+00  1 0                  (7/2-)  0                      
                                          1      0.070  2.326E-01  1.000E+00  3.300E+00
  4   0.118200  -1.0  0   0.00E+00  2 0                          0                      
                                          3      0.048  6.605E-02  7.133E-01  9.800E+00
                                          1      0.118  1.651E-01  2.867E-01  7.360E-01
  5   0.234100  -1.0  0   0.00E+00  3 0                          0                      
                                          4      0.117  0.000E+00  0.000E+00  0.000E+00
                                          3      0.164  3.580E-01  4.633E-01  2.940E-01
                                          2      0.170  4.236E-01  5.367E-01  2.670E-01
  6   0.355900  -1.0  0   0.00E+00  3 0                          0                      
                                          4      0.238  1.795E-01  1.795E-01  0.000E+00
                                          2      0.291  1.795E-01  1.795E-01  0.000E+00
                                          1      0.356  6.410E-01  6.410E-01  0.000E+00
  7   0.447200  -1.0  0   0.00E+00  2 0                          0                      
                                          3      0.377  2.881E-01  2.881E-01  0.000E+00
                                          1      0.447  7.119E-01  7.119E-01  0.000E+00
  8   0.505700  -1.0  0   0.00E+00  3 0                          0                      
                                          4      0.388  1.604E-01  1.604E-01  0.000E+00
                                          3      0.435  4.151E-01  4.151E-01  0.000E+00
                                          1      0.505  4.245E-01  4.245E-01  0.000E+00
  9   0.522200  -1.0  0   0.00E+00  3 0                          0                      
                                          5      0.288  9.302E-02  9.302E-02  0.000E+00
                                          4      0.404  5.814E-01  5.814E-01  0.000E+00
                                          3      0.452  3.256E-01  3.256E-01  0.000E+00
 10   0.632600  -1.0  0   0.00E+00  2 0                          0                      
                                          4      0.515  2.692E-01  2.692E-01  0.000E+00
                                          1      0.633  7.308E-01  7.308E-01  0.000E+00
 11   0.664300  -1.0  0   0.00E+00  2 0                          0                      
                                          5      0.430  7.679E-01  7.679E-01  0.000E+00
                                          1      0.664  2.321E-01  2.321E-01  0.000E+00
 12   0.671800  -1.0  0   0.00E+00  1 0                          0                      
                                          1      0.672  1.000E+00  1.000E+00  0.000E+00
 13   0.708700  -1.0  0   0.00E+00  2 0                          0                      
                                          4      0.591  2.414E-01  2.414E-01  0.000E+00
                                          2      0.645  7.586E-01  7.586E-01  0.000E+00
 14   0.840500  -1.0  0   0.00E+00  4 0                          0                      
                                          6      0.484  2.436E-01  2.436E-01  0.000E+00
                                          5      0.606  3.205E-01  3.205E-01  0.000E+00
                                          4      0.722  2.564E-01  2.564E-01  0.000E+00
                                          1      0.841  1.795E-01  1.795E-01  0.000E+00
 15   0.959500  -1.0  0   0.00E+00  5 0                          0                      
                                         10      0.327  2.532E-01  2.532E-01  0.000E+00
                                          4      0.841  1.772E-01  1.772E-01  0.000E+00
                                          3      0.890  3.291E-01  3.291E-01  0.000E+00
                                          2      0.895  1.646E-01  1.646E-01  0.000E+00
                                          1      0.960  7.595E-02  7.595E-02  0.000E+00
 16   1.001900  -1.0  0   0.00E+00  2 0                          0                      
                                          4      0.883  2.292E-01  2.292E-01  0.000E+00
                                          3      0.932  7.708E-01  7.708E-01  0.000E+00
 17   1.021500  -1.0  0   0.00E+00  3 0                          0                      
                                         13      0.312  4.706E-02  4.706E-02  0.000E+00
                                          5      0.786  5.294E-01  5.294E-01  0.000E+00
                                          1      1.022  4.235E-01  4.235E-01  0.000E+00
 18   1.030900  -1.0  0   0.00E+00  2 0                          0                      
                                         12      0.360  3.521E-01  3.521E-01  0.000E+00
                                          1      1.031  6.479E-01  6.479E-01  0.000E+00
 19   1.155200  -1.0  0   0.00E+00  2 0                          0                      
                                          6      0.799  4.474E-01  4.474E-01  0.000E+00
                                          4      1.037  5.526E-01  5.526E-01  0.000E+00
 20   1.166100  -1.0  0   0.00E+00  1 0                          0                      
                                          5      0.932  1.000E+00  1.000E+00  0.000E+00
 21   1.284900  -1.0  0   0.00E+00  1 0                          0                      
                                          5      1.051  1.000E+00  1.000E+00  0.000E+00
 22   1.380000  -1.0  0   0.00E+00  0 0                          0                      
 23   1.480000  -1.0  0   0.00E+00  0 0                          0                      
 24   1.510800  -1.0  0   0.00E+00  1 0                          0                      
                                         11      0.847  1.000E+00  1.000E+00  0.000E+00
 25   1.596500  -1.0  0   0.00E+00  1 0                          0                      
                                          1      1.597  1.000E+00  1.000E+00  0.000E+00
 26   1.690000  -1.0  0   0.00E+00  4 0                          0                      
                                         18      0.659  1.724E-01  1.724E-01  0.000E+00
                                         17      0.668  1.379E-01  1.379E-01  0.000E+00
                                         16      0.688  3.448E-01  3.448E-01  0.000E+00
                                         15      0.731  3.448E-01  3.448E-01  0.000E+00
 27   1.780000  -1.0  0   0.00E+00  0 0                          0                      
 28   1.889500  -1.0  0   0.00E+00  1 0                          0                      
                                          3      1.819  1.000E+00  1.000E+00  0.000E+00
 29   1.946100  -1.0  0   0.00E+00  2 0                          0                      
                                         13      1.238  5.000E-01  5.000E-01  0.000E+00
                                          1      1.946  5.000E-01  5.000E-01  0.000E+00
 30   2.000000  -1.0  0   0.00E+00  0 0                          0                      
 31   2.100000  -1.0  0   0.00E+00  0 0                          0                      
 32   2.156000  -1.0  0   0.00E+00  2 0                          0                      
                                          5      1.922  4.048E-01  4.048E-01  0.000E+00
                                          1      2.155  5.952E-01  5.952E-01  0.000E+00
 33   2.200000  -1.0  0   0.00E+00  0 0                          0                      
 34   2.205600  -1.0  0   0.00E+00  4 0                          0                      
                                         26      0.515  1.458E-01  1.458E-01  0.000E+00
                                         19      1.051  3.958E-01  3.958E-01  0.000E+00
                                          4      2.088  2.292E-01  2.292E-01  0.000E+00
                                          1      2.205  2.292E-01  2.292E-01  0.000E+00
 35   2.300000  -1.0  0   0.00E+00  0 0                          0                      
 36   2.359800  -1.0  0   0.00E+00  4 0                          0                      
                                         25      0.764  2.162E-01  2.162E-01  0.000E+00
                                          3      2.289  1.486E-01  1.486E-01  0.000E+00
                                          2      2.296  1.486E-01  1.486E-01  0.000E+00
                                          1      2.359  4.865E-01  4.865E-01  0.000E+00
 37   2.377100  -1.0  0   0.00E+00  3 0                          0                      
                                         19      1.222  2.500E-01  2.500E-01  0.000E+00
                                          3      2.307  3.500E-01  3.500E-01  0.000E+00
                                          1      2.377  4.000E-01  4.000E-01  0.000E+00
 38   2.400000  -1.0  0   0.00E+00  0 0                          0                      
 39   2.543900  -1.0  0   0.00E+00  2 0                          0                      
                                          3      2.476  3.939E-01  3.939E-01  0.000E+00
                                          2      2.479  6.061E-01  6.061E-01  0.000E+00
 40   2.600000  -1.0  0   0.00E+00  0 0                          0                      
 41   2.606900  -1.0  0   0.00E+00  1 0                          0                      
                                          2      2.543  1.000E+00  1.000E+00  0.000E+00
 42   2.700000  -1.0  0   0.00E+00  0 0                          0                      
 43   2.800000  -1.0  0   0.00E+00  0 0                          0                      
 44   2.900000  -1.0  0   0.00E+00  0 0                          0                      
 45   3.000000  -1.0  0   0.00E+00  0 0                          0                      
 46   3.100000  -1.0  0   0.00E+00  0 0                          0                      
 47   3.200000  -1.0  0   0.00E+00  0 0                          0                      
 48   3.300000  -1.0  0   0.00E+00  0 0                          0                      
 49   3.400000  -1.0  0   0.00E+00  0 0                          0                      
 50   3.500000  -1.0  0   0.00E+00  0 0                          0                      
 51   3.600000  -1.0  0   0.00E+00  0 0                          0                      
 52   3.700000  -1.0  0   0.00E+00  0 0                          0                      
