154Sm  154   62   36  118   35   12    7.966823    9.096531
  1   0.000000   0.0  1  -1.00E+00  0 0                      0+  0                      
  2   0.081997   2.0  1   0.00E+00  1 0                      2+  0                      
                                          1      0.082  1.706E-01  1.000E+00  4.860E+00
  3   0.266810   4.0  1   0.00E+00  1 0                      4+  0                      
                                          2      0.185  7.862E-01  1.000E+00  2.720E-01
  4   0.921380   1.0 -1   0.00E+00  2 0                      1-  0                      
                                          2      0.839  5.906E-01  5.906E-01  0.000E+00
                                          1      0.921  4.094E-01  4.094E-01  0.000E+00
  5   1.012330   3.0 -1   0.00E+00  2 0                      3-  0                      
                                          3      0.745  3.462E-01  3.462E-01  0.000E+00
                                          2      0.930  6.538E-01  6.538E-01  0.000E+00
  6   1.099260   0.0  1   0.00E+00  1 0                      0+  0                      
                                          2      1.017  1.000E+00  1.000E+00  0.000E+00
  7   1.177780   2.0  1   0.00E+00  4 0                      2+  0                      
                                          4      0.256  6.475E-03  6.475E-03  0.000E+00
                                          3      0.911  2.868E-01  2.868E-01  0.000E+00
                                          2      1.096  4.070E-01  4.070E-01  0.000E+00
                                          1      1.178  2.997E-01  2.997E-01  0.000E+00
  8   1.202360   0.0  1   0.00E+00  2 0                      0+  0                      
                                          4      0.281  5.642E-01  5.642E-01  0.000E+00
                                          2      1.120  4.358E-01  4.358E-01  0.000E+00
  9   1.286320   2.0  1   0.00E+00  4 0                      2+  0                      
                                          5      0.274  9.091E-02  9.091E-02  0.000E+00
                                          4      0.365  2.273E-01  2.273E-01  0.000E+00
                                          3      1.019  2.273E-01  2.273E-01  0.000E+00
                                          2      1.205  4.545E-01  4.545E-01  0.000E+00
 10   1.440050   2.0  1   0.00E+00  3 0                      2+  0                      
                                          3      1.173  3.448E-02  3.448E-02  0.000E+00
                                          2      1.358  4.828E-01  4.828E-01  0.000E+00
                                          1      1.440  4.828E-01  4.828E-01  0.000E+00
 11   1.475600   1.0 -1   0.00E+00  3 0                      1-  0                      
                                          4      0.554  3.981E-02  3.981E-02  0.000E+00
                                          2      1.394  9.555E-01  9.555E-01  0.000E+00
                                          1      1.475  4.645E-03  4.645E-03  0.000E+00
 12   1.515360   2.0 -1   0.00E+00  1 0                      2-  0                      
                                          2      1.433  1.000E+00  1.000E+00  0.000E+00
 13   1.614800  -1.0  0   0.00E+00  1 0                          0                      
                                          4      0.693  1.000E+00  1.000E+00  0.000E+00
 14   1.673790   2.0  0   0.00E+00  2 0                       2  0                      
                                          5      0.662  4.516E-01  4.516E-01  0.000E+00
                                          4      0.752  5.484E-01  5.484E-01  0.000E+00
 15   1.754660  -1.0  0   0.00E+00  2 0                          0                      
                                          5      0.742  4.286E-01  4.286E-01  0.000E+00
                                          4      0.833  5.714E-01  5.714E-01  0.000E+00
 16   1.755790   1.0 -1   0.00E+00  4 1                 1-,2,3-  0                      
                                         11      0.280  3.774E-02  3.774E-02  0.000E+00
                                         10      0.316  1.132E-01  1.132E-01  0.000E+00
                                          5      0.743  3.774E-01  3.774E-01  0.000E+00
                                          4      0.834  4.717E-01  4.717E-01  0.000E+00
 17   1.764400  -1.0  0   0.00E+00  2 0                          0                      
                                          2      1.682  3.600E-01  3.600E-01  0.000E+00
                                          1      1.765  6.400E-01  6.400E-01  0.000E+00
 18   1.890110   1.0 -1   0.00E+00  4 0                      1-  0                      
                                          9      0.604  6.419E-02  6.419E-02  0.000E+00
                                          8      0.688  6.419E-02  6.419E-02  0.000E+00
                                          2      1.808  5.236E-01  5.236E-01  0.000E+00
                                          1      1.890  3.480E-01  3.480E-01  0.000E+00
 19   1.945530  -1.0  0   0.00E+00  3 0                          0                      
                                          5      0.933  3.137E-01  3.137E-01  0.000E+00
                                          4      1.024  2.157E-01  2.157E-01  0.000E+00
                                          2      1.864  4.706E-01  4.706E-01  0.000E+00
 20   1.973730   1.0 -1   0.00E+00  3 1                   1-,2+  0                      
                                          5      0.961  8.421E-02  8.421E-02  0.000E+00
                                          2      1.892  4.105E-01  4.105E-01  0.000E+00
                                          1      1.974  5.053E-01  5.053E-01  0.000E+00
 21   2.015370   1.0 -1   0.00E+00  4 1                 (1-,2+)  0                      
                                          7      0.837  3.191E-01  3.191E-01  0.000E+00
                                          5      1.003  1.702E-01  1.702E-01  0.000E+00
                                          2      1.933  2.979E-01  2.979E-01  0.000E+00
                                          1      2.015  2.128E-01  2.128E-01  0.000E+00
 22   2.069060   2.0  1   0.00E+00 10 0                    (2+)  0                      
                                         20      0.095  1.842E-03  1.842E-03  0.000E+00
                                          9      0.783  9.212E-03  9.212E-03  0.000E+00
                                          8      0.867  1.935E-02  1.935E-02  0.000E+00
                                          7      0.891  2.589E-01  2.589E-01  0.000E+00
                                          6      0.970  2.142E-01  2.142E-01  0.000E+00
                                          5      1.057  3.685E-03  3.685E-03  0.000E+00
                                          4      1.148  3.639E-01  3.639E-01  0.000E+00
                                          3      1.802  5.067E-03  5.067E-03  0.000E+00
                                          2      1.987  4.883E-02  4.883E-02  0.000E+00
                                          1      2.069  7.508E-02  7.508E-02  0.000E+00
 23   2.131810   2.0  1   0.00E+00  6 0                    (2+)  0                      
                                         22      0.063  1.569E-02  1.569E-02  0.000E+00
                                          7      0.954  4.863E-01  4.863E-01  0.000E+00
                                          6      1.033  3.333E-01  3.333E-01  0.000E+00
                                          4      1.210  7.059E-02  7.059E-02  0.000E+00
                                          3      1.866  3.137E-02  3.137E-02  0.000E+00
                                          2      2.050  6.275E-02  6.275E-02  0.000E+00
 24   2.139800   1.0  0   0.00E+00 17 1                  (1,2+)  0                      
                                         21      0.124  5.646E-03  5.646E-03  0.000E+00
                                         20      0.166  1.842E-02  1.842E-02  0.000E+00
                                         19      0.194  4.755E-03  4.755E-03  0.000E+00
                                         16      0.385  2.080E-03  2.080E-03  0.000E+00
                                         14      0.466  5.349E-03  5.349E-03  0.000E+00
                                         13      0.524  2.377E-03  2.377E-03  0.000E+00
                                         12      0.625  4.160E-03  4.160E-03  0.000E+00
                                         11      0.664  1.545E-02  1.545E-02  0.000E+00
                                         10      0.700  5.944E-03  5.944E-03  0.000E+00
                                          9      0.853  3.269E-03  3.269E-03  0.000E+00
                                          8      0.937  1.100E-02  1.100E-02  0.000E+00
                                          7      0.962  1.004E-01  1.004E-01  0.000E+00
                                          6      1.041  3.863E-03  3.863E-03  0.000E+00
                                          4      1.219  1.872E-02  1.872E-02  0.000E+00
                                          3      1.874  2.080E-03  2.080E-03  0.000E+00
                                          2      2.058  5.082E-01  5.082E-01  0.000E+00
                                          1      2.140  2.883E-01  2.883E-01  0.000E+00
 25   2.196200   1.0  0   0.00E+00  1 1                  (1,2+)  0                      
                                          6      1.097  1.000E+00  1.000E+00  0.000E+00
 26   2.368810   1.0  0   0.00E+00  6 1                  (1,2+)  0                      
                                         12      0.853  1.032E-01  1.032E-01  0.000E+00
                                          9      1.082  8.730E-02  8.730E-02  0.000E+00
                                          7      1.191  1.746E-01  1.746E-01  0.000E+00
                                          4      1.447  1.349E-01  1.349E-01  0.000E+00
                                          2      2.287  1.032E-01  1.032E-01  0.000E+00
                                          1      2.369  3.968E-01  3.968E-01  0.000E+00
 27   2.421900   1.0  0   0.00E+00  2 1                  (1,2+)  0                      
                                          2      2.341  5.333E-01  5.333E-01  0.000E+00
                                          1      2.421  4.667E-01  4.667E-01  0.000E+00
 28   2.428500  -1.0  0   0.00E+00  1 0                          0                      
                                          2      2.346  1.000E+00  1.000E+00  0.000E+00
 29   2.556570   1.0 -1   0.00E+00  2 0                      1-  0                      
                                          2      2.474  5.758E-01  5.758E-01  0.000E+00
                                          1      2.557  4.242E-01  4.242E-01  0.000E+00
 30   2.591320  -1.0  0   0.00E+00  5 0                          0                      
                                         14      0.917  6.481E-02  6.481E-02  0.000E+00
                                          8      1.389  1.296E-01  1.296E-01  0.000E+00
                                          4      1.670  9.722E-02  9.722E-02  0.000E+00
                                          2      2.509  5.093E-01  5.093E-01  0.000E+00
                                          1      2.591  1.991E-01  1.991E-01  0.000E+00
 31   2.618040   1.0 -1   0.00E+00  2 0                      1-  0                      
                                          2      2.536  5.667E-01  5.667E-01  0.000E+00
                                          1      2.618  4.333E-01  4.333E-01  0.000E+00
 32   2.721290   1.0  0   0.00E+00  2 1                  (1,2+)  0                      
                                          2      2.639  2.917E-01  2.917E-01  0.000E+00
                                          1      2.721  7.083E-01  7.083E-01  0.000E+00
 33   2.779000   1.0  0   0.00E+00  5 0                       1  0                      
                                         16      1.022  1.429E-01  1.429E-01  0.000E+00
                                          8      1.577  1.558E-01  1.558E-01  0.000E+00
                                          4      1.858  1.558E-01  1.558E-01  0.000E+00
                                          2      2.697  1.169E-01  1.169E-01  0.000E+00
                                          1      2.779  4.286E-01  4.286E-01  0.000E+00
 34   2.842800   1.0 -1   0.00E+00  2 0                      1-  0                      
                                          2      2.761  4.667E-01  4.667E-01  0.000E+00
                                          1      2.843  5.333E-01  5.333E-01  0.000E+00
 35   3.051260  -1.0  0   0.00E+00  6 0                          0                      
                                         23      0.919  2.959E-01  2.959E-01  0.000E+00
                                         11      1.577  1.224E-01  1.224E-01  0.000E+00
                                          9      1.765  1.633E-01  1.633E-01  0.000E+00
                                          7      1.874  7.143E-02  7.143E-02  0.000E+00
                                          4      2.130  2.143E-01  2.143E-01  0.000E+00
                                          2      2.969  1.327E-01  1.327E-01  0.000E+00
 36   3.193200   1.0  1   0.00E+00  2 0                      1+  0                      
                                          7      2.015  5.556E-01  5.556E-01  0.000E+00
                                          2      3.111  4.444E-01  4.444E-01  0.000E+00
