166Tb  166   65    5    6    4    0    5.291246    8.571967
  1   0.000000   2.0 -1   2.15E+01  0 0                    (2-)  0                      
  2   0.040000  -1.0 -1   0.00E+00  1 0                     (-)  0                      
                                          1      0.040  1.000E+00  1.000E+00  0.000E+00
  3   0.158800  -1.0  0   0.00E+00  2 0                          0                      
                                          2      0.119  5.000E-01  5.000E-01  0.000E+00
                                          1      0.159  5.000E-01  5.000E-01  0.000E+00
  4   0.694800  -1.0  0   0.00E+00  1 0                          0                      
                                          3      0.536  1.000E+00  1.000E+00  0.000E+00
  5   1.015500  -1.0  0   0.00E+00  2 0                          0                      
                                          2      0.976  4.565E-01  4.565E-01  0.000E+00
                                          1      1.016  5.435E-01  5.435E-01  0.000E+00
