162Tb  162   65    4    5    3    2    6.489088    7.662377
  1   0.000000   1.0 -1   4.56E+02  0 0                      1-  0                      
  2   0.039100   2.0 -1   0.00E+00  1 0                      2-  0                      
                                          1      0.039  1.111E-01  1.000E+00  8.000E+00
  3   0.341410   0.0 -1   0.00E+00  2 1                  (0-,1)  0                      
                                          2      0.302  3.690E-01  3.690E-01  0.000E+00
                                          1      0.341  6.310E-01  6.310E-01  0.000E+00
  4   0.442110   1.0  1   0.00E+00  2 0                      1+  0                      
                                          2      0.403  4.562E-01  4.598E-01  8.080E-03
                                          1      0.442  5.367E-01  5.402E-01  6.510E-03
