177Yb  177   70    5    5    4    2    5.566400    8.904053
  1   0.000000   4.5  1   6.88E+03  0 0                    9/2+  0                      
  2   0.104500   3.5 -1   4.48E-09  1 0                    7/2-  0                      
                                          1      0.104  1.000E+00  1.000E+00  0.000E+00
  3   0.150000  -1.0  0   0.00E+00  1 0                          0                      
                                          2      0.044  1.000E+00  1.000E+00  0.000E+00
  4   0.331500   0.5 -1   6.41E+00  1 0                    1/2-  0                      
                                          2      0.227  0.000E+00  0.000E+00  0.000E+00
  5   0.622000  -1.0  0   0.00E+00  2 0                          0                      
                                          2      0.517  7.407E-01  7.407E-01  0.000E+00
                                          1      0.622  2.593E-01  2.593E-01  0.000E+00
