175Lu  175   71    4    6    3    4    7.666704    5.510129
  1   0.000000   3.5  1  -1.00E+00  0 0                    7/2+  0                      
  2   0.113806   4.5  1   9.90E-11  1 0                    9/2+  0                      
                                          1      0.114  2.849E-01  1.000E+00  2.510E+00
  3   0.251465   5.5  1   0.00E+00  2 0                   11/2+  0                      
                                          2      0.138  3.078E-01  7.448E-01  1.420E+00
                                          1      0.251  2.252E-01  2.552E-01  1.330E-01
  4   0.396328   4.5 -1   3.31E-09  3 0                    9/2-  0                      
                                          3      0.145  3.227E-02  3.659E-02  1.340E-01
                                          2      0.283  2.943E-01  3.022E-01  2.700E-02
                                          1      0.396  6.315E-01  6.612E-01  4.700E-02
