182Hf  182   72    5    5    4    2    6.717996    8.541193
  1   0.000000   0.0  1  -1.00E+00  0 0                      0+  0                      
  2   0.097770   2.0  1   0.00E+00  1 0                      2+  0                      
                                          1      0.098  2.062E-01  1.000E+00  3.850E+00
  3   0.321800   4.0  1   0.00E+00  1 0                    (4+)  0                      
                                          2      0.224  8.347E-01  1.000E+00  1.980E-01
  4   0.818400   1.0  0   0.00E+00  2 1                  (1,2+)  0                      
                                          2      0.721  5.000E-01  5.000E-01  0.000E+00
                                          1      0.818  5.000E-01  5.000E-01  0.000E+00
  5   0.905900  -1.0  0   0.00E+00  1 0                          0                      
                                          2      0.808  1.000E+00  1.000E+00  0.000E+00
