177Hf  177   72    4    6    3    4    6.375636    6.787383
  1   0.000000   3.5 -1  -1.00E+00  0 0                    7/2-  0                      
  2   0.112950   4.5 -1   5.41E-10  1 0                    9/2-  0                      
                                          1      0.113  3.096E-01  1.000E+00  2.230E+00
  3   0.249674   5.5 -1   1.07E-10  2 0                   11/2-  0                      
                                          2      0.137  1.423E-01  3.031E-01  1.130E+00
                                          1      0.250  6.116E-01  6.969E-01  1.395E-01
  4   0.321316   4.5  1   6.65E-10  3 0                    9/2+  0                      
                                          3      0.072  1.411E-02  2.667E-02  8.900E-01
                                          2      0.208  8.932E-01  9.539E-01  6.800E-02
                                          1      0.321  1.876E-02  1.942E-02  3.540E-02
