178Hf  178   72    9    8    8    9    7.625939    7.340434
  1   0.000000   0.0  1  -1.00E+00  0 0                      0+  0                      
  2   0.093150   2.0  1   0.00E+00  1 0                      2+  0                      
                                          1      0.093  1.764E-01  1.000E+00  4.670E+00
  3   0.306560   4.0  1   0.00E+00  1 0                      4+  0                      
                                          2      0.213  8.117E-01  1.000E+00  2.320E-01
  4   0.632160   6.0  1   0.00E+00  1 0                      6+  0                      
                                          3      0.326  9.415E-01  1.000E+00  6.210E-02
  5   1.058520   8.0  1   0.00E+00  1 0                      8+  0                      
                                          4      0.426  9.716E-01  1.000E+00  2.920E-02
  6   1.147370   8.0 -1   4.00E+00  1 0                      8-  0                      
                                          5      0.089  6.725E-01  1.000E+00  4.870E-01
  7   1.364010   9.0 -1   0.00E+00  1 0                      9-  0                      
                                          6      0.217  7.463E-01  1.000E+00  3.400E-01
  8   1.478990   8.0 -1   0.00E+00  1 0                      8-  0                      
                                          6      0.332  8.758E-01  1.000E+00  1.418E-01
  9   1.601600  10.0 -1   0.00E+00  1 0                     10-  0                      
                                          6      0.454  9.759E-01  1.000E+00  2.470E-02
