182Ta  182   73    4    5    3    4    6.062939    6.316698
  1   0.000000   3.0 -1  -1.00E+00  0 0                      3-  0                      
  2   0.097850   4.0 -1   0.00E+00  1 0                      4-  0                      
                                          1      0.098  1.773E-01  1.000E+00  4.640E+00
  3   0.114320   4.0 -1   0.00E+00  1 0                      4-  0                      
                                          1      0.114  2.519E-01  1.000E+00  2.970E+00
  4   0.270408   2.0 -1   0.00E+00  3 0                      2-  0                      
                                          3      0.156  6.953E-02  1.182E-01  7.000E-01
                                          2      0.173  1.987E-03  2.964E-03  4.920E-01
                                          1      0.270  7.847E-01  8.788E-01  1.200E-01
