192Os  192   76    4    5    3    4    7.558382    8.820866
  1   0.000000   0.0  1  -1.00E+00  0 0                      0+  0                      
  2   0.205794   2.0  1   0.00E+00  1 0                      2+  0                      
                                          1      0.206  0.000E+00  0.000E+00  3.020E-01
  3   0.489061   2.0  1   0.00E+00  2 0                      2+  0                      
                                          2      0.283  0.000E+00  0.000E+00  1.210E-01
                                          1      0.489  0.000E+00  0.000E+00  2.410E-02
  4   0.956540   0.0  1   0.00E+00  2 0                      0+  0                      
                                          3      0.467  7.817E-01  8.028E-01  2.700E-02
                                          2      0.751  1.954E-01  1.972E-01  8.960E-03
