194Pt  194   78   11   12   10    3    8.351743    7.512768
  1   0.000000   0.0  1  -1.00E+00  0 0                      0+  0                      
  2   0.328500   2.0  1   0.00E+00  1 0                      2+  0                      
                                          1      0.329  9.298E-01  1.000E+00  7.550E-02
  3   0.811100   4.0  1   0.00E+00  1 0                      4+  0                      
                                          2      0.483  9.737E-01  1.000E+00  2.700E-02
  4   1.373500   5.0 -1   0.00E+00  1 0                    (5-)  0                      
                                          3      0.562  9.936E-01  1.000E+00  6.460E-03
  5   1.411600   6.0  1   0.00E+00  1 0                      6+  0                      
                                          3      0.601  9.842E-01  1.000E+00  1.607E-02
  6   1.485100   7.0 -1   3.45E-09  1 0                    (7-)  0                      
                                          4      0.112  2.427E-01  1.000E+00  3.120E+00
  7   2.047500   9.0 -1   0.00E+00  1 0                    (9-)  0                      
                                          6      0.562  9.816E-01  1.000E+00  1.870E-02
  8   2.099500   8.0  1   0.00E+00  1 0                    (8)+  0                      
                                          5      0.688  9.883E-01  1.000E+00  1.187E-02
  9   2.423400   6.0  1   0.00E+00  2 1               (6+,7,8+)  0                      
                                          8      0.324  3.571E-01  3.571E-01  0.000E+00
                                          5      1.012  6.429E-01  6.429E-01  0.000E+00
 10   2.438300  10.0  1   0.00E+00  2 0                   (10+)  0                      
                                          8      0.339  5.833E-01  6.236E-01  6.910E-02
                                          7      0.391  3.712E-01  3.764E-01  1.416E-02
 11   2.451000  12.0  1   6.40E-09  1 0                   (12+)  0                      
                                         10      0.013  0.000E+00  0.000E+00  0.000E+00
