212Bi  212   83    4    6    3    0    4.330145    4.913902
  1   0.000000   1.0 -1   3.63E+03  0 0                    1(-)  0                      
  2   0.115183   2.0 -1   8.00E-12  1 0                    2(-)  0                      
                                          1      0.115  1.282E-01  1.000E+00  6.800E+00
  3   0.238632   0.0 -1   1.00E-12  2 0                    0(-)  0                      
                                          2      0.123  0.000E+00  0.000E+00  0.000E+00
                                          1      0.239  5.342E-01  1.000E+00  8.720E-01
  4   0.415272   1.0 -1   1.00E-11  3 0                    1(-)  0                      
                                          3      0.177  1.045E-02  3.157E-02  2.020E+00
                                          2      0.300  6.594E-01  9.653E-01  4.640E-01
                                          1      0.415  2.613E-03  3.115E-03  1.920E-01
