215Bi  215   83    7    7    6    0    5.241266    5.476680
  1   0.000000   4.5 -1   4.56E+02  0 0                  (9/2-)  0                      
  2   0.183500   3.5 -1   0.00E+00  1 0                  (7/2-)  0                      
                                          1      0.183  3.546E-01  1.000E+00  1.820E+00
  3   0.854500  -1.0  0   0.00E+00  1 0                          0                      
                                          2      0.671  1.000E+00  1.000E+00  0.000E+00
  4   1.022500  -1.0  0   0.00E+00  1 0                          0                      
                                          2      0.839  1.000E+00  1.000E+00  0.000E+00
  5   1.168500  -1.0  0   0.00E+00  1 0                          0                      
                                          2      0.985  1.000E+00  1.000E+00  0.000E+00
  6   1.199800  -1.0  0   0.00E+00  2 0                          0                      
                                          2      1.016  4.516E-01  4.516E-01  0.000E+00
                                          1      1.200  5.484E-01  5.484E-01  0.000E+00
  7   1.959800  -1.0  0   0.00E+00  1 0                          0                      
                                          6      0.760  1.000E+00  1.000E+00  0.000E+00
