216Po  216   84   11   10   10    1    5.747212    7.135907
  1   0.000000   0.0  1  -1.00E+00  0 0                      0+  0                      
  2   0.549700   2.0  1   0.00E+00  1 0                    (2+)  0                      
                                          1      0.550  9.749E-01  1.000E+00  2.570E-02
  3   0.968500   4.0  1   0.00E+00  1 0                    (4+)  0                      
                                          2      0.419  9.526E-01  1.000E+00  4.980E-02
  4   1.328000   6.0  1   0.00E+00  1 0                    (6+)  0                      
                                          3      0.359  9.303E-01  1.000E+00  7.490E-02
  5   1.551400   8.0  1   0.00E+00  1 0                    (8+)  0                      
                                          4      0.223  7.564E-01  1.000E+00  3.220E-01
  6   1.699200  -1.0  0   0.00E+00  1 0                          0                      
                                          5      0.148  1.000E+00  1.000E+00  0.000E+00
  7   1.802600  -1.0  0   0.00E+00  1 0                          0                      
                                          5      0.251  1.000E+00  1.000E+00  0.000E+00
  8   1.873800  -1.0  0   0.00E+00  1 0                          0                      
                                          5      0.322  1.000E+00  1.000E+00  0.000E+00
  9   1.980100  -1.0  0   0.00E+00  1 0                          0                      
                                          5      0.429  1.000E+00  1.000E+00  0.000E+00
 10   2.038300  -1.0  0   0.00E+00  1 0                          0                      
                                          5      0.487  1.000E+00  1.000E+00  0.000E+00
 11   2.233400  -1.0  0   0.00E+00  1 0                          0                      
                                          5      0.682  1.000E+00  1.000E+00  0.000E+00
