212Po  212   84   11    5    5    3    6.008234    5.799263
  1   0.000000   0.0  1   2.94E-07  0 0                      0+  0                      
  2   0.727000   2.0  1   0.00E+00  1 0                      2+  0                      
                                          1      0.727  0.000E+00  0.000E+00  0.000E+00
  3   1.131000   4.0  1   0.00E+00  1 0                      4+  0                      
                                          2      0.404  0.000E+00  0.000E+00  0.000E+00
  4   1.249000  -1.0  0   0.00E+00  0 0                          0                      
  5   1.354000   6.0  1   0.00E+00  1 0                      6+  0                      
                                          3      0.223  0.000E+00  0.000E+00  0.000E+00
  6   1.474000   8.0  1   0.00E+00  1 0                      8+  0                      
                                          5      0.120  0.000E+00  0.000E+00  0.000E+00
  7   1.547000  -1.0  0   0.00E+00  0 0                          0                      
  8   1.578000  -1.0  0   0.00E+00  0 0                          0                      
  9   1.612000  -1.0  0   0.00E+00  0 0                          0                      
 10   1.657000  -1.0  0   0.00E+00  0 0                          0                      
 11   1.749000   8.0 -1   0.00E+00  1 0                    (8-)  0                      
                                          6      0.275  0.000E+00  0.000E+00  0.000E+00
