218Po  218   84   11   12   10    2    5.598119    7.662282
  1   0.000000   0.0  1   1.86E+02  0 0                      0+  0                      
  2   0.509700   2.0  1   0.00E+00  1 0                      2+  0                      
                                          1      0.510  9.702E-01  1.000E+00  3.070E-02
  3   0.935200   4.0  1   0.00E+00  1 0                    (4+)  0                      
                                          2      0.425  9.544E-01  1.000E+00  4.780E-02
  4   1.320900   6.0  1   0.00E+00  1 0                    (6+)  0                      
                                          3      0.386  9.417E-01  1.000E+00  6.190E-02
  5   1.583900   8.0  1   0.00E+00  1 0                    (8+)  0                      
                                          4      0.263  8.410E-01  1.000E+00  1.890E-01
  6   1.757900  -1.0  0   0.00E+00  2 0                          0                      
                                          5      0.174  4.132E-02  9.091E-02  1.200E+00
                                          4      0.437  8.264E-01  9.091E-01  1.000E-01
  7   1.858700  -1.0  0   0.00E+00  1 0                          0                      
                                          4      0.538  9.434E-01  1.000E+00  6.000E-02
  8   1.871000  -1.0  0   0.00E+00  1 0                          0                      
                                          5      0.287  7.576E-01  1.000E+00  3.200E-01
  9   2.002200  -1.0  0   0.00E+00  1 0                          0                      
                                          5      0.418  8.929E-01  1.000E+00  1.200E-01
 10   2.047500  -1.0  0   0.00E+00  2 0                          0                      
                                          8      0.177  1.479E-02  3.254E-02  1.200E+00
                                          5      0.464  8.876E-01  9.675E-01  9.000E-02
 11   2.286800  -1.0  0   0.00E+00  1 0                          0                      
                                          5      0.703  9.709E-01  1.000E+00  3.000E-02
