229Ra  229   88   33   90   32    1    4.449549    8.111230
  1   0.000000   2.5  1  -1.00E+00  0 0                    5/2+  0                      
  2   0.041250   3.5  1   0.00E+00  1 0                  (7/2)+  0                      
                                          1      0.041  0.000E+00  0.000E+00  0.000E+00
  3   0.107040   2.5  1   0.00E+00  2 0                  (5/2)+  0                      
                                          2      0.066  5.173E-02  5.954E-01  1.051E+01
                                          1      0.107  2.938E-02  4.046E-01  1.277E+01
  4   0.137450   2.5 -1   6.60E-10  2 0                    5/2-  0                      
                                          2      0.096  7.725E-02  8.669E-02  1.223E-01
                                          1      0.138  7.474E-01  9.133E-01  2.220E-01
  5   0.142670   0.5  1   1.72E-08  2 0                    1/2+  0                      
                                          3      0.036  0.000E+00  0.000E+00  0.000E+00
                                          1      0.143  3.185E-01  1.000E+00  2.140E+00
  6   0.168740   1.5  1   1.06E-10  3 0                    3/2+  0                      
                                          5      0.026  0.000E+00  0.000E+00  0.000E+00
                                          3      0.062  3.438E-02  4.682E-01  1.262E+01
                                          1      0.169  1.174E-01  5.318E-01  3.530E+00
  7   0.212910   1.5  1   1.80E-11  5 0                    3/2+  0                      
                                          6      0.044  3.623E-03  8.730E-01  2.400E+02
                                          5      0.070  2.297E-03  2.297E-03  0.000E+00
                                          4      0.075  2.739E-03  2.739E-03  0.000E+00
                                          3      0.106  7.245E-03  7.245E-03  0.000E+00
                                          1      0.213  5.213E-02  1.147E-01  1.200E+00
  8   0.478860   0.5 -1   3.00E-11  4 0                    1/2-  0                      
                                          7      0.266  6.898E-02  7.216E-02  4.620E-02
                                          6      0.310  5.197E-01  5.367E-01  3.270E-02
                                          5      0.336  3.728E-01  3.830E-01  2.730E-02
                                          4      0.341  7.308E-03  8.069E-03  1.041E-01
  9   0.501370   2.5  1   0.00E+00  3 0                  (5/2+)  0                      
                                          6      0.333  1.229E-01  1.229E-01  0.000E+00
                                          5      0.359  8.042E-01  8.042E-01  0.000E+00
                                          4      0.364  7.284E-02  7.284E-02  0.000E+00
 10   0.518180   1.5 -1   0.00E+00  4 0                  (3/2)-  0                      
                                          7      0.305  2.892E-02  2.892E-02  0.000E+00
                                          6      0.349  6.409E-01  6.409E-01  0.000E+00
                                          5      0.376  3.184E-01  3.184E-01  0.000E+00
                                          4      0.381  1.186E-02  1.186E-02  0.000E+00
 11   0.541460   2.5 -1   0.00E+00  3 0                    5/2-  0                      
                                          6      0.373  1.202E-01  1.202E-01  0.000E+00
                                          5      0.399  5.336E-01  5.336E-01  0.000E+00
                                          4      0.404  2.633E-01  3.462E-01  3.150E-01
 12   0.550850   1.5 -1   0.00E+00  2 1          3/2-,5/2-,7/2-  0                      
                                          4      0.414  3.539E-01  4.565E-01  2.900E-01
                                          1      0.551  5.435E-01  5.435E-01  0.000E+00
 13   0.563070  -1.0  0   0.00E+00  2 0                          0                      
                                          6      0.395  4.119E-01  4.119E-01  0.000E+00
                                          1      0.563  5.881E-01  5.881E-01  0.000E+00
 14   0.565640   1.5 -1   0.00E+00  2 0                    3/2-  0                      
                                          7      0.353  1.489E-01  1.489E-01  0.000E+00
                                          4      0.428  6.864E-01  8.511E-01  2.400E-01
 15   0.598260  -1.0  0   0.00E+00  2 0                          0                      
                                          5      0.456  4.609E-01  4.609E-01  0.000E+00
                                          1      0.598  5.391E-01  5.391E-01  0.000E+00
 16   0.665070  -1.0  0   0.00E+00  2 0                          0                      
                                          5      0.522  4.511E-01  4.511E-01  0.000E+00
                                          1      0.665  5.489E-01  5.489E-01  0.000E+00
 17   0.752910   0.5 -1   0.00E+00  4 1              (1/2,3/2)-  0                      
                                         11      0.211  8.464E-02  8.464E-02  0.000E+00
                                          8      0.274  1.334E-01  2.468E-01  8.500E-01
                                          4      0.615  3.443E-01  3.443E-01  0.000E+00
                                          3      0.645  3.242E-01  3.242E-01  0.000E+00
 18   0.773200  -1.0  0   0.00E+00  1 0                          0                      
                                          7      0.560  1.000E+00  1.000E+00  0.000E+00
 19   0.813880  -1.0  0   0.00E+00  3 0                          0                      
                                         16      0.149  2.077E-01  2.077E-01  0.000E+00
                                          7      0.601  1.151E-01  1.151E-01  0.000E+00
                                          5      0.671  6.772E-01  6.772E-01  0.000E+00
 20   0.835900  -1.0  0   0.00E+00  3 0                          0                      
                                          9      0.334  3.377E-01  3.377E-01  0.000E+00
                                          6      0.668  3.189E-01  3.189E-01  0.000E+00
                                          5      0.693  3.433E-01  3.433E-01  0.000E+00
 21   0.870880  -1.0  0   0.00E+00  3 0                          0                      
                                          5      0.728  2.971E-01  2.971E-01  0.000E+00
                                          3      0.764  2.050E-01  2.050E-01  0.000E+00
                                          1      0.871  4.979E-01  4.979E-01  0.000E+00
 22   0.934620  -1.0  0   0.00E+00  2 0                          0                      
                                          5      0.792  4.858E-01  4.858E-01  0.000E+00
                                          3      0.828  5.142E-01  5.142E-01  0.000E+00
 23   1.042000  -1.0  0   0.00E+00  2 0                          0                      
                                          5      0.899  8.462E-01  8.462E-01  0.000E+00
                                          1      1.042  1.538E-01  1.538E-01  0.000E+00
 24   1.322640  -1.0  0   0.00E+00  1 0                          0                      
                                         14      0.757  1.000E+00  1.000E+00  0.000E+00
 25   1.340010  -1.0  0   0.00E+00  1 0                          0                      
                                         17      0.587  1.000E+00  1.000E+00  0.000E+00
 26   1.376120  -1.0  0   0.00E+00  1 0                          0                      
                                         22      0.442  1.000E+00  1.000E+00  0.000E+00
 27   1.410090  -1.0  0   0.00E+00  5 0                          0                      
                                         14      0.844  9.524E-02  9.524E-02  0.000E+00
                                          9      0.909  3.175E-01  3.175E-01  0.000E+00
                                          7      1.197  2.415E-01  2.415E-01  0.000E+00
                                          5      1.268  3.175E-01  3.175E-01  0.000E+00
                                          1      1.410  2.834E-02  2.834E-02  0.000E+00
 28   1.424870  -1.0  0   0.00E+00  8 0                          0                      
                                         19      0.611  6.559E-02  6.559E-02  0.000E+00
                                         14      0.859  4.234E-02  4.234E-02  0.000E+00
                                         13      0.862  5.605E-02  5.605E-02  0.000E+00
                                         11      0.883  8.050E-02  8.050E-02  0.000E+00
                                          9      0.923  4.144E-02  4.144E-02  0.000E+00
                                          6      1.256  5.128E-01  5.128E-01  0.000E+00
                                          5      1.282  1.819E-01  1.819E-01  0.000E+00
                                          4      1.288  1.938E-02  1.938E-02  0.000E+00
 29   1.437020  -1.0  0   0.00E+00  4 0                          0                      
                                         10      0.919  1.667E-01  1.667E-01  0.000E+00
                                          6      1.268  7.143E-01  7.143E-01  0.000E+00
                                          4      1.300  5.595E-02  5.595E-02  0.000E+00
                                          2      1.396  6.310E-02  6.310E-02  0.000E+00
 30   1.461300  -1.0  0   0.00E+00  7 0                          0                      
                                         22      0.526  1.337E-01  1.337E-01  0.000E+00
                                         21      0.590  1.595E-01  1.595E-01  0.000E+00
                                         20      0.626  8.642E-02  8.642E-02  0.000E+00
                                         10      0.943  8.025E-02  8.025E-02  0.000E+00
                                          7      1.248  4.578E-02  4.578E-02  0.000E+00
                                          6      1.293  4.630E-01  4.630E-01  0.000E+00
                                          4      1.324  3.138E-02  3.138E-02  0.000E+00
 31   1.608760  -1.0  0   0.00E+00  2 0                          0                      
                                          6      1.440  5.765E-01  5.765E-01  0.000E+00
                                          5      1.466  4.235E-01  4.235E-01  0.000E+00
 32   1.696840  -1.0  0   0.00E+00  2 0                          0                      
                                         10      1.179  6.215E-01  6.215E-01  0.000E+00
                                          5      1.554  3.785E-01  3.785E-01  0.000E+00
 33   1.720540  -1.0  0   0.00E+00  2 0                          0                      
                                         27      0.310  8.251E-01  8.251E-01  0.000E+00
                                          5      1.578  1.749E-01  1.749E-01  0.000E+00
