244Pu  244   94    6    5    5    6    6.019859    7.289000
  1   0.000000   0.0  1  -1.00E+00  0 0                      0+  0                      
  2   0.044200   2.0  1   0.00E+00  1 0                      2+  0                      
                                          1      0.044  0.000E+00  0.000E+00  7.800E+02
  3   0.149900   4.0  1   0.00E+00  1 0                      4+  0                      
                                          2      0.106  0.000E+00  0.000E+00  1.220E+01
  4   0.312800   6.0  1   0.00E+00  1 0                      6+  0                      
                                          3      0.163  3.441E-01  1.000E+00  1.906E+00
  5   0.529900   8.0  1   0.00E+00  1 0                      8+  0                      
                                          4      0.217  6.131E-01  1.000E+00  6.310E-01
  6   1.210900   8.0 -1   0.00E+00  1 0                      8-  0                      
                                          5      0.681  9.920E-01  1.000E+00  8.020E-03
