246Cm  246   96   56  205   55    6    6.458930    6.572476
  1   0.000000   0.0  1  -1.00E+00  0 0                      0+  0                      
  2   0.042835   2.0  1   0.00E+00  1 0                      2+  0                      
                                          1      0.043  9.425E-04  1.000E+00  1.060E+03
  3   0.141989   4.0  1   0.00E+00  1 0                      4+  0                      
                                          2      0.099  4.902E-02  1.000E+00  1.940E+01
  4   0.294890   6.0  1   0.00E+00  1 0                      6+  0                      
                                          3      0.153  2.577E-01  1.000E+00  2.880E+00
  5   0.841671   2.0 -1   0.00E+00  1 0                      2-  0                      
                                          2      0.799  1.000E+00  1.000E+00  0.000E+00
  6   0.876434   3.0 -1   0.00E+00  3 0                      3-  0                      
                                          5      0.035  0.000E+00  0.000E+00  1.500E+03
                                          3      0.734  3.943E-01  3.973E-01  7.520E-03
                                          2      0.834  6.027E-01  6.027E-01  0.000E+00
  7   0.923300   4.0 -1   0.00E+00  3 0                    (4)-  0                      
                                          6      0.047  0.000E+00  0.000E+00  4.000E+02
                                          5      0.082  0.000E+00  0.000E+00  4.840E+01
                                          3      0.781  9.933E-01  1.000E+00  6.740E-03
  8   1.078845   1.0 -1   0.00E+00  3 0                      1-  0                      
                                          5      0.237  3.512E-03  9.132E-03  1.600E+00
                                          2      1.036  3.100E-01  3.100E-01  0.000E+00
                                          1      1.079  6.782E-01  6.808E-01  3.850E-03
  9   1.104854   2.0 -1   0.00E+00  3 0                    (2)-  0                      
                                          5      0.263  1.938E-03  4.263E-03  1.200E+00
                                          3      0.963  2.871E-05  3.263E-05  1.366E-01
                                          2      1.062  9.918E-01  9.957E-01  3.950E-03
 10   1.124260   2.0  1   0.00E+00  3 0                      2+  0                      
                                          3      0.983  2.768E-02  2.807E-02  1.427E-02
                                          2      1.081  5.457E-01  5.522E-01  1.190E-02
                                          1      1.124  4.152E-01  4.198E-01  1.107E-02
 11   1.128012   3.0 -1   0.00E+00  3 0                      3-  0                      
                                          6      0.252  1.090E-03  2.617E-03  1.400E+00
                                          3      0.986  3.827E-01  3.844E-01  4.490E-03
                                          2      1.085  6.107E-01  6.130E-01  3.810E-03
 12   1.165480   3.0  1   0.00E+00  3 0                    (3+)  0                      
                                          6      0.289  3.240E-02  3.392E-02  4.700E-02
                                          3      1.023  2.728E-01  2.764E-01  1.321E-02
                                          2      1.123  6.821E-01  6.896E-01  1.110E-02
 13   1.174720   0.0  1   0.00E+00  2 0                      0+  0                      
                                          2      1.132  9.892E-01  1.000E+00  1.093E-02
                                          1      1.175  0.000E+00  0.000E+00  0.000E+00
 14   1.210520   2.0  1   0.00E+00  2 0                      2+  0                      
                                          2      1.168  6.790E-01  6.946E-01  2.300E-02
                                          1      1.210  3.025E-01  3.054E-01  9.650E-03
 15   1.219950   4.0  1   0.00E+00  2 0                    (4+)  0                      
                                          4      0.925  7.015E-01  7.127E-01  1.602E-02
                                          2      1.177  2.844E-01  2.873E-01  1.016E-02
 16   1.249768   1.0 -1   0.00E+00  5 0                      1-  0                      
                                          8      0.171  8.490E-02  4.245E-01  4.000E+00
                                          6      0.373  3.566E-02  4.012E-02  1.251E-01
                                          5      0.408  1.741E-02  2.437E-02  4.000E-01
                                          2      1.207  2.547E-01  2.555E-01  3.190E-03
                                          1      1.250  2.547E-01  2.555E-01  3.020E-03
 17   1.289300   0.0  1   0.00E+00  1 0                      0+  0                      
                                          1      1.289  0.000E+00  0.000E+00  0.000E+00
 18   1.300430   3.0 -1   0.00E+00  4 0                    (3-)  0                      
                                          7      0.377  4.505E-02  6.307E-02  4.000E-01
                                          6      0.423  6.553E-02  8.650E-02  3.200E-01
                                          3      1.158  2.048E-01  2.055E-01  3.410E-03
                                          2      1.258  6.430E-01  6.449E-01  2.990E-03
 19   1.317560   2.0  1   0.00E+00  1 0                    (2)+  0                      
                                          2      1.275  9.723E-01  1.000E+00  2.850E-02
 20   1.340150  -1.0  0   0.00E+00  2 0                          0                      
                                          3      1.198  7.470E-01  7.470E-01  0.000E+00
                                          2      1.297  2.530E-01  2.530E-01  0.000E+00
 21   1.348856   1.0 -1   0.00E+00  6 0                      1-  0                      
                                          9      0.244  1.287E-01  4.542E-01  2.530E+00
                                          8      0.270  1.928E-01  5.012E-01  1.600E+00
                                          6      0.472  6.878E-03  7.343E-03  6.760E-02
                                          5      0.507  1.263E-02  1.335E-02  5.690E-02
                                          2      1.307  1.170E-03  1.173E-03  2.830E-03
                                          1      1.349  2.265E-02  2.271E-02  2.700E-03
 22   1.366623   2.0 -1   0.00E+00  6 0                    (2-)  0                      
                                         11      0.239  1.236E-01  3.213E-01  1.600E+00
                                          9      0.262  1.320E-01  2.903E-01  1.200E+00
                                          8      0.288  1.089E-01  2.833E-01  1.601E+00
                                          7      0.443  2.933E-03  3.165E-03  7.920E-02
                                          5      0.525  6.179E-02  8.089E-02  3.090E-01
                                          2      1.324  2.095E-02  2.100E-02  2.770E-03
 23   1.379220   4.0  1   0.00E+00  2 0                    (4+)  0                      
                                          3      1.237  2.784E-01  2.839E-01  2.000E-02
                                          2      1.336  7.103E-01  7.161E-01  8.050E-03
 24   1.451880   1.0  1   0.00E+00  5 0                      1+  0                      
                                         13      0.277  1.460E-02  4.059E-02  1.780E+00
                                         10      0.328  2.190E-02  3.504E-02  6.000E-01
                                          5      0.610  3.285E-01  3.319E-01  1.055E-02
                                          2      1.409  2.464E-01  2.517E-01  2.180E-02
                                          1      1.452  3.340E-01  3.407E-01  2.020E-02
 25   1.478420   2.0  1   0.00E+00  5 0                    (2+)  0                      
                                         16      0.229  3.453E-01  3.726E-01  7.890E-02
                                         14      0.267  4.605E-02  1.013E-01  1.200E+00
                                          5      0.637  1.105E-01  1.116E-01  9.750E-03
                                          3      1.336  1.704E-01  1.717E-01  8.050E-03
                                          2      1.436  2.394E-01  2.428E-01  1.400E-02
 26   1.509220   3.0  1   0.00E+00  6 0                    (3+)  0                      
                                         15      0.289  6.204E-02  1.179E-01  9.000E-01
                                         12      0.344  3.396E-01  5.433E-01  6.000E-01
                                         11      0.381  1.959E-02  2.011E-02  2.640E-02
                                          3      1.368  2.057E-01  2.090E-01  1.600E-02
                                          2      1.466  9.796E-02  9.923E-02  1.300E-02
                                          1      1.509  9.796E-03  1.046E-02  6.810E-02
 27   1.525920   3.0 -1   0.00E+00 11 0                      3-  0                      
                                         15      0.306  7.457E-04  7.768E-04  4.170E-02
                                         12      0.360  3.415E-02  3.517E-02  2.960E-02
                                         11      0.398  4.922E-03  6.891E-03  4.000E-01
                                         10      0.402  1.596E-01  1.634E-01  2.370E-02
                                          9      0.421  1.327E-02  1.765E-02  3.300E-01
                                          8      0.447  7.457E-04  8.036E-04  7.760E-02
                                          7      0.603  1.402E-01  1.475E-01  5.200E-02
                                          6      0.649  2.207E-01  2.338E-01  5.900E-02
                                          5      0.684  3.520E-01  3.784E-01  7.500E-02
                                          3      1.384  3.281E-03  3.290E-03  2.610E-03
                                          2      1.483  1.238E-02  1.241E-02  2.390E-03
 28   1.573740   1.0  1   0.00E+00  2 0                    (1+)  0                      
                                          2      1.531  3.334E-01  3.393E-01  1.756E-02
                                          1      1.574  6.501E-01  6.607E-01  1.634E-02
 29   1.593692   2.0 -1   0.00E+00 12 0                      2-  0                      
                                         22      0.227  7.738E-03  2.167E-02  1.800E+00
                                         21      0.245  3.224E-03  8.060E-03  1.500E+00
                                         18      0.293  2.321E-03  4.411E-03  9.000E-01
                                         16      0.344  1.341E-02  2.146E-02  6.000E-01
                                         11      0.466  1.328E-02  1.660E-02  2.500E-01
                                         10      0.470  5.288E-03  5.379E-03  1.735E-02
                                          9      0.489  4.772E-02  6.556E-02  3.740E-01
                                          8      0.515  4.488E-02  5.947E-02  3.250E-01
                                          7      0.670  4.256E-03  4.386E-03  3.060E-02
                                          6      0.717  1.315E-01  1.490E-01  1.330E-01
                                          5      0.752  4.256E-01  5.018E-01  1.790E-01
                                          2      1.551  1.419E-01  1.422E-01  2.270E-03
 30   1.601220   3.0  1   0.00E+00  7 0                    (3)+  0                      
                                         15      0.381  1.541E-03  2.157E-03  4.000E-01
                                         10      0.477  2.209E-02  3.092E-02  4.000E-01
                                          7      0.678  4.649E-02  4.689E-02  8.690E-03
                                          6      0.725  2.209E-01  2.226E-01  7.700E-03
                                          5      0.760  6.652E-01  6.699E-01  7.080E-03
                                          3      1.459  9.760E-03  9.887E-03  1.300E-02
                                          2      1.558  1.746E-02  1.766E-02  1.100E-02
 31   1.604160   1.0 -1   0.00E+00  3 0                    (1-)  0                      
                                         16      0.354  3.114E-02  4.671E-02  5.000E-01
                                          2      1.561  4.599E-01  4.599E-01  0.000E+00
                                          1      1.604  4.923E-01  4.934E-01  2.200E-03
 32   1.621486   3.0 -1   0.00E+00  9 0                      3-  0                      
                                         18      0.321  1.867E-02  3.175E-02  7.000E-01
                                         12      0.456  1.394E-02  1.420E-02  1.840E-02
                                         11      0.493  1.081E-01  1.475E-01  3.650E-01
                                          9      0.517  9.959E-03  1.185E-02  1.900E-01
                                          7      0.698  1.170E-01  1.338E-01  1.430E-01
                                          6      0.745  2.365E-01  2.791E-01  1.800E-01
                                          5      0.780  6.723E-02  7.437E-02  1.063E-01
                                          3      1.479  2.291E-01  2.296E-01  2.400E-03
                                          2      1.579  7.768E-02  7.786E-02  2.230E-03
 33   1.628920  -1.0  0   0.00E+00  2 0                          0                      
                                          3      1.487  2.857E-01  2.857E-01  0.000E+00
                                          2      1.586  7.143E-01  7.143E-01  0.000E+00
 34   1.633520   2.0 -1   0.00E+00  9 0                    (2)-  0                      
                                         22      0.267  7.160E-03  1.575E-02  1.200E+00
                                         20      0.293  6.444E-03  6.444E-03  0.000E+00
                                         16      0.384  2.685E-02  4.629E-02  7.240E-01
                                         14      0.423  5.728E-03  5.850E-03  2.130E-02
                                         11      0.506  1.754E-02  2.105E-02  2.000E-01
                                          9      0.529  2.148E-02  2.799E-02  3.030E-01
                                          8      0.555  2.112E-02  2.450E-02  1.600E-01
                                          5      0.791  9.308E-02  9.866E-02  6.000E-02
                                          2      1.591  7.518E-01  7.535E-01  2.210E-03
 35   1.659190   1.0 -1   0.00E+00  3 0                    (1-)  0                      
                                          9      0.554  5.349E-01  6.205E-01  1.600E-01
                                          2      1.616  7.213E-02  7.228E-02  2.180E-03
                                          1      1.659  3.065E-01  3.072E-01  2.130E-03
 36   1.661640   1.0  1   0.00E+00  5 0                    (1+)  0                      
                                         14      0.451  6.790E-03  8.623E-03  2.700E-01
                                         13      0.487  2.512E-02  3.462E-02  3.780E-01
                                          5      0.821  1.018E-02  1.025E-02  6.170E-03
                                          2      1.619  3.151E-01  3.198E-01  1.519E-02
                                          1      1.662  6.179E-01  6.267E-01  1.421E-02
 37   1.670990   3.0 -1   0.00E+00  8 0                    (3-)  0                      
                                         15      0.451  5.635E-03  5.741E-03  1.880E-02
                                         12      0.506  2.761E-02  2.803E-02  1.504E-02
                                         11      0.543  9.016E-02  1.100E-01  2.200E-01
                                          9      0.566  9.693E-02  1.214E-01  2.520E-01
                                          7      0.748  5.635E-02  6.030E-02  7.000E-02
                                          5      0.829  4.057E-02  4.260E-02  5.000E-02
                                          3      1.529  5.072E-01  5.072E-01  0.000E+00
                                          2      1.628  1.245E-01  1.248E-01  2.160E-03
 38   1.680790   2.0  1   0.00E+00  4 0                      2+  0                      
                                         15      0.461  1.902E-02  2.039E-02  7.170E-02
                                          3      1.539  8.048E-03  8.099E-03  6.270E-03
                                          2      1.638  9.512E-01  9.652E-01  1.474E-02
                                          1      1.681  6.292E-03  6.326E-03  5.400E-03
 39   1.712370   3.0  1   0.00E+00  2 0                    (3+)  0                      
                                          3      1.570  4.933E-01  4.987E-01  1.100E-02
                                          2      1.669  5.013E-01  5.013E-01  0.000E+00
 40   1.780800   2.0  1   0.00E+00  6 0                      2+  0                      
                                         22      0.414  3.659E-02  3.741E-02  2.230E-02
                                         10      0.656  4.095E-02  7.781E-02  9.000E-01
                                          6      0.904  2.013E-01  2.023E-01  5.210E-03
                                          5      0.939  2.701E-01  2.714E-01  4.880E-03
                                          2      1.738  3.921E-01  3.970E-01  1.267E-02
                                          1      1.780  1.394E-02  1.401E-02  4.910E-03
 41   1.821750  -1.0  0   0.00E+00  2 0                          0                      
                                          2      1.779  9.385E-01  9.385E-01  0.000E+00
                                          1      1.822  6.152E-02  6.152E-02  0.000E+00
 42   1.836730   2.0  1   0.00E+00  3 1                 (2+,1-)  0                      
                                          6      0.960  5.176E-01  5.176E-01  0.000E+00
                                          2      1.795  3.529E-02  3.529E-02  0.000E+00
                                          1      1.837  4.471E-01  4.471E-01  0.000E+00
 43   1.856590   3.0  1   0.00E+00  5 0                    (3+)  0                      
                                         26      0.347  4.113E-01  4.113E-01  0.000E+00
                                         15      0.637  2.035E-01  2.259E-01  1.100E-01
                                         10      0.733  2.586E-01  2.793E-01  8.000E-02
                                          3      1.715  3.689E-02  3.689E-02  0.000E+00
                                          2      1.814  4.664E-02  4.664E-02  0.000E+00
 44   1.870190   1.0  0   0.00E+00  3 1                    1,2+  0                      
                                         17      0.581  2.957E-01  2.957E-01  0.000E+00
                                          2      1.827  6.696E-01  6.696E-01  0.000E+00
                                          1      1.870  3.478E-02  3.478E-02  0.000E+00
 45   1.875520   1.0  0   0.00E+00  3 1                    1,2+  0                      
                                         10      0.751  9.635E-01  9.635E-01  0.000E+00
                                          2      1.833  1.308E-02  1.308E-02  0.000E+00
                                          1      1.876  2.340E-02  2.340E-02  0.000E+00
 46   1.886760   1.0  1   0.00E+00  4 0                    (1+)  0                      
                                         24      0.435  1.476E-01  3.248E-01  1.200E+00
                                          5      1.045  3.079E-01  3.091E-01  4.060E-03
                                          2      1.844  1.518E-01  1.530E-01  8.000E-03
                                          1      1.887  2.109E-01  2.131E-01  1.034E-02
 47   1.898070   2.0  1   0.00E+00  4 0                    (2+)  0                      
                                         12      0.733  7.676E-01  8.290E-01  8.000E-02
                                          3      1.756  7.173E-02  7.209E-02  5.020E-03
                                          2      1.855  7.551E-02  7.611E-02  8.000E-03
                                          1      1.898  2.265E-02  2.275E-02  4.430E-03
 48   1.901310   2.0  1   0.00E+00  2 1                    2+,3  0                      
                                          3      1.759  9.652E-01  9.652E-01  0.000E+00
                                          2      1.859  3.479E-02  3.479E-02  0.000E+00
 49   1.906110   2.0  1   0.00E+00  2 1                 2+,3,4+  0                      
                                          3      1.764  4.865E-01  4.865E-01  0.000E+00
                                          2      1.863  5.135E-01  5.135E-01  0.000E+00
 50   1.909310   1.0 -1   0.00E+00  2 1                   1-,2+  0                      
                                          2      1.866  7.782E-01  7.782E-01  0.000E+00
                                          1      1.909  2.218E-01  2.218E-01  0.000E+00
 51   1.924560   1.0  0   0.00E+00  2 1                    1,2+  0                      
                                          2      1.882  4.762E-01  4.762E-01  0.000E+00
                                          1      1.925  5.238E-01  5.238E-01  0.000E+00
 52   1.947070   2.0  1   0.00E+00  3 1                 2+,3,4+  0                      
                                         32      0.326  7.362E-01  7.362E-01  0.000E+00
                                          3      1.805  1.135E-01  1.135E-01  0.000E+00
                                          2      1.904  1.503E-01  1.503E-01  0.000E+00
 53   1.983340   1.0  1   0.00E+00  4 1                 (1+,2+)  0                      
                                         39      0.271  2.762E-01  2.762E-01  0.000E+00
                                         32      0.362  6.768E-01  6.768E-01  0.000E+00
                                          2      1.940  3.039E-02  3.039E-02  0.000E+00
                                          1      1.983  1.657E-02  1.657E-02  0.000E+00
 54   2.032500   1.0  0   0.00E+00  4 1                    1,2+  0                      
                                         36      0.371  2.867E-01  2.867E-01  0.000E+00
                                         24      0.581  5.734E-01  5.734E-01  0.000E+00
                                          2      1.990  7.083E-02  7.083E-02  0.000E+00
                                          1      2.032  6.914E-02  6.914E-02  0.000E+00
 55   2.146040   1.0  0   0.00E+00  2 1                    1,2+  0                      
                                          2      2.103  3.387E-01  3.387E-01  0.000E+00
                                          1      2.146  6.613E-01  6.613E-01  0.000E+00
 56   2.171400   2.0  1   0.00E+00  3 1                    2+,3  0                      
                                         29      0.578  7.745E-01  7.745E-01  0.000E+00
                                          3      2.029  1.071E-01  1.071E-01  0.000E+00
                                          2      2.129  1.185E-01  1.185E-01  0.000E+00
